,name,auc,mass,nu
0,Zprime_1500GeV_015,0.5182511664723035,1500.0,0.15
1,Zprime_1500GeV_030,0.54199513295014,1500.0,0.3
2,Zprime_1500GeV_045,0.5109725148981488,1500.0,0.45
3,Zprime_1500GeV_060,0.5250460547035058,1500.0,0.6
4,Zprime_1500GeV_075,0.5385539645397771,1500.0,0.75
5,Zprime_2000GeV_015,0.5336486161483128,2000.0,0.15
6,Zprime_2000GeV_030,0.547421099224012,2000.0,0.3
7,Zprime_2000GeV_045,0.5568777507078551,2000.0,0.45
8,Zprime_2000GeV_060,0.571128600633472,2000.0,0.6
9,Zprime_2000GeV_075,0.5683445914185058,2000.0,0.75
10,Zprime_2500GeV_015,0.5305023383050355,2500.0,0.15
11,Zprime_2500GeV_030,0.5549983357109589,2500.0,0.3
12,Zprime_2500GeV_045,0.571917248254574,2500.0,0.45
13,Zprime_2500GeV_060,0.5880614145399872,2500.0,0.6
14,Zprime_2500GeV_075,0.5975503275787508,2500.0,0.75
15,Zprime_3000GeV_015,0.5368530061326395,3000.0,0.15
16,Zprime_3000GeV_030,0.5581271426154977,3000.0,0.3
17,Zprime_3000GeV_045,0.5779602381887731,3000.0,0.45
18,Zprime_3000GeV_060,0.5933198388581741,3000.0,0.6
19,Zprime_3000GeV_075,0.6064118619894621,3000.0,0.75
20,Zprime_3500GeV_015,0.5463384771580609,3500.0,0.15
21,Zprime_3500GeV_030,0.5696612261848181,3500.0,0.3
22,Zprime_3500GeV_045,0.5887716108572731,3500.0,0.45
23,Zprime_3500GeV_060,0.6115717153740626,3500.0,0.6
24,Zprime_3500GeV_075,0.62176632937336,3500.0,0.75
25,Zprime_4000GeV_015,0.5608709249571391,4000.0,0.15
26,Zprime_4000GeV_030,0.5814093866409911,4000.0,0.3
27,Zprime_4000GeV_045,0.6028857340077372,4000.0,0.45
28,Zprime_4000GeV_060,0.6169017747162684,4000.0,0.6
29,Zprime_4000GeV_075,0.6328278206743632,4000.0,0.75
