,name,auc,mass,nu
0,Zprime_1500GeV_015,0.5465610646636109,1500.0,0.15
1,Zprime_1500GeV_030,0.5766171459158425,1500.0,0.3
2,Zprime_1500GeV_045,0.5563072575333947,1500.0,0.45
3,Zprime_1500GeV_060,0.5531897961740733,1500.0,0.6
4,Zprime_1500GeV_075,0.570163179855107,1500.0,0.75
5,Zprime_2000GeV_015,0.5788566964874193,2000.0,0.15
6,Zprime_2000GeV_030,0.5991143342604309,2000.0,0.3
7,Zprime_2000GeV_045,0.6238367373176598,2000.0,0.45
8,Zprime_2000GeV_060,0.6387534201591821,2000.0,0.6
9,Zprime_2000GeV_075,0.6386395132585461,2000.0,0.75
10,Zprime_2500GeV_015,0.5763547120151568,2500.0,0.15
11,Zprime_2500GeV_030,0.6120515517604811,2500.0,0.3
12,Zprime_2500GeV_045,0.6388581417435046,2500.0,0.45
13,Zprime_2500GeV_060,0.6592714272950176,2500.0,0.6
14,Zprime_2500GeV_075,0.6649132045057062,2500.0,0.75
15,Zprime_3000GeV_015,0.5838684777842396,3000.0,0.15
16,Zprime_3000GeV_030,0.6191724778455363,3000.0,0.3
17,Zprime_3000GeV_045,0.6447123627963363,3000.0,0.45
18,Zprime_3000GeV_060,0.6709495200055728,3000.0,0.6
19,Zprime_3000GeV_075,0.6838408897284514,3000.0,0.75
20,Zprime_3500GeV_015,0.5954065793323408,3500.0,0.15
21,Zprime_3500GeV_030,0.626711685019345,3500.0,0.3
22,Zprime_3500GeV_045,0.6547555095061866,3500.0,0.45
23,Zprime_3500GeV_060,0.6783341277989807,3500.0,0.6
24,Zprime_3500GeV_075,0.6910869406456525,3500.0,0.75
25,Zprime_4000GeV_015,0.6062914352518985,4000.0,0.15
26,Zprime_4000GeV_030,0.6341495004550532,4000.0,0.3
27,Zprime_4000GeV_045,0.6631062559037665,4000.0,0.45
28,Zprime_4000GeV_060,0.6815398524144001,4000.0,0.6
29,Zprime_4000GeV_075,0.7019965896289342,4000.0,0.75
