,name,auc,mass,nu
0,Zprime_1500GeV_015,0.518341712673767,1500.0,0.15
1,Zprime_1500GeV_030,0.5395594340798484,1500.0,0.3
2,Zprime_1500GeV_045,0.524388742225902,1500.0,0.45
3,Zprime_1500GeV_060,0.5338868928088064,1500.0,0.6
4,Zprime_1500GeV_075,0.5336011290847898,1500.0,0.75
5,Zprime_2000GeV_015,0.5330820840619372,2000.0,0.15
6,Zprime_2000GeV_030,0.5485937476909358,2000.0,0.3
7,Zprime_2000GeV_045,0.558320858150546,2000.0,0.45
8,Zprime_2000GeV_060,0.570226880561109,2000.0,0.6
9,Zprime_2000GeV_075,0.5728315184780791,2000.0,0.75
10,Zprime_2500GeV_015,0.5335559839275457,2500.0,0.15
11,Zprime_2500GeV_030,0.5562269711826691,2500.0,0.3
12,Zprime_2500GeV_045,0.571647368382714,2500.0,0.45
13,Zprime_2500GeV_060,0.5885293740347142,2500.0,0.6
14,Zprime_2500GeV_075,0.593958824004316,2500.0,0.75
15,Zprime_3000GeV_015,0.5425461862406857,3000.0,0.15
16,Zprime_3000GeV_030,0.5604259693347962,3000.0,0.3
17,Zprime_3000GeV_045,0.5825033129509656,3000.0,0.45
18,Zprime_3000GeV_060,0.5942427611084433,3000.0,0.6
19,Zprime_3000GeV_075,0.6070126588945877,3000.0,0.75
20,Zprime_3500GeV_015,0.5491748714914306,3500.0,0.15
21,Zprime_3500GeV_030,0.573113176144399,3500.0,0.3
22,Zprime_3500GeV_045,0.5921615202761764,3500.0,0.45
23,Zprime_3500GeV_060,0.6133619800032621,3500.0,0.6
24,Zprime_3500GeV_075,0.620957874963681,3500.0,0.75
25,Zprime_4000GeV_015,0.5631790214880938,4000.0,0.15
26,Zprime_4000GeV_030,0.5878686802359043,4000.0,0.3
27,Zprime_4000GeV_045,0.6108851722824564,4000.0,0.45
28,Zprime_4000GeV_060,0.6230755827494875,4000.0,0.6
29,Zprime_4000GeV_075,0.6379833555207822,4000.0,0.75
