,name,auc,mass,nu
0,Zprime_1500GeV_015,0.5148486375204199,1500.0,0.15
1,Zprime_1500GeV_030,0.5338829537633484,1500.0,0.3
2,Zprime_1500GeV_045,0.5140501160241044,1500.0,0.45
3,Zprime_1500GeV_060,0.5328849490294084,1500.0,0.6
4,Zprime_1500GeV_075,0.5281978608678646,1500.0,0.75
5,Zprime_2000GeV_015,0.5301271600992185,2000.0,0.15
6,Zprime_2000GeV_030,0.5440337355711871,2000.0,0.3
7,Zprime_2000GeV_045,0.555639599290908,2000.0,0.45
8,Zprime_2000GeV_060,0.567075494698812,2000.0,0.6
9,Zprime_2000GeV_075,0.5737722656188899,2000.0,0.75
10,Zprime_2500GeV_015,0.5305092444879139,2500.0,0.15
11,Zprime_2500GeV_030,0.5550753001155453,2500.0,0.3
12,Zprime_2500GeV_045,0.5713465773891033,2500.0,0.45
13,Zprime_2500GeV_060,0.5884636775899139,2500.0,0.6
14,Zprime_2500GeV_075,0.5977500816894801,2500.0,0.75
15,Zprime_3000GeV_015,0.5442770667444171,3000.0,0.15
16,Zprime_3000GeV_030,0.5630553194067711,3000.0,0.3
17,Zprime_3000GeV_045,0.5845656011719983,3000.0,0.45
18,Zprime_3000GeV_060,0.5965226887540693,3000.0,0.6
19,Zprime_3000GeV_075,0.6097005755877236,3000.0,0.75
20,Zprime_3500GeV_015,0.5554761525364772,3500.0,0.15
21,Zprime_3500GeV_030,0.5776860355560701,3500.0,0.3
22,Zprime_3500GeV_045,0.5961421684286076,3500.0,0.45
23,Zprime_3500GeV_060,0.6152985368622224,3500.0,0.6
24,Zprime_3500GeV_075,0.6237639294642219,3500.0,0.75
25,Zprime_4000GeV_015,0.5740575041233372,4000.0,0.15
26,Zprime_4000GeV_030,0.5919432593017635,4000.0,0.3
27,Zprime_4000GeV_045,0.6130214134340364,4000.0,0.45
28,Zprime_4000GeV_060,0.6254986975246999,4000.0,0.6
29,Zprime_4000GeV_075,0.6408545785973627,4000.0,0.75
