,name,auc,mass,nu
0,Zprime_1500GeV_015,0.5582426403319323,1500.0,0.15
1,Zprime_1500GeV_030,0.5806159078970718,1500.0,0.3
2,Zprime_1500GeV_045,0.568882416897062,1500.0,0.45
3,Zprime_1500GeV_060,0.5612781534772995,1500.0,0.6
4,Zprime_1500GeV_075,0.5661531733180571,1500.0,0.75
5,Zprime_2000GeV_015,0.587752901875375,2000.0,0.15
6,Zprime_2000GeV_030,0.6096164975029614,2000.0,0.3
7,Zprime_2000GeV_045,0.6305144149824566,2000.0,0.45
8,Zprime_2000GeV_060,0.6427806525239577,2000.0,0.6
9,Zprime_2000GeV_075,0.6435877533190105,2000.0,0.75
10,Zprime_2500GeV_015,0.5819260934112706,2500.0,0.15
11,Zprime_2500GeV_030,0.6188786122463056,2500.0,0.3
12,Zprime_2500GeV_045,0.6461494155172791,2500.0,0.45
13,Zprime_2500GeV_060,0.6662387552333517,2500.0,0.6
14,Zprime_2500GeV_075,0.6673888174129363,2500.0,0.75
15,Zprime_3000GeV_015,0.5908069961652904,3000.0,0.15
16,Zprime_3000GeV_030,0.6291831126356549,3000.0,0.3
17,Zprime_3000GeV_045,0.6541497169588428,3000.0,0.45
18,Zprime_3000GeV_060,0.6807119287341254,3000.0,0.6
19,Zprime_3000GeV_075,0.6912306358926539,3000.0,0.75
20,Zprime_3500GeV_015,0.6064174619208164,3500.0,0.15
21,Zprime_3500GeV_030,0.6401327392961867,3500.0,0.3
22,Zprime_3500GeV_045,0.6678385440842836,3500.0,0.45
23,Zprime_3500GeV_060,0.6938872859826187,3500.0,0.6
24,Zprime_3500GeV_075,0.7061435114526049,3500.0,0.75
25,Zprime_4000GeV_015,0.6313225861564871,4000.0,0.15
26,Zprime_4000GeV_030,0.6603163281099649,4000.0,0.3
27,Zprime_4000GeV_045,0.6878252723587607,4000.0,0.45
28,Zprime_4000GeV_060,0.7051536747442322,4000.0,0.6
29,Zprime_4000GeV_075,0.7224636785016318,4000.0,0.75
