,name,auc,mass,nu
0,Zprime_1500GeV_015,0.5518609534479783,1500.0,0.15
1,Zprime_1500GeV_030,0.56194409527205,1500.0,0.3
2,Zprime_1500GeV_045,0.5675479632541427,1500.0,0.45
3,Zprime_1500GeV_060,0.5664703133413026,1500.0,0.6
4,Zprime_1500GeV_075,0.5756836760857162,1500.0,0.75
5,Zprime_2000GeV_015,0.5695937053675411,2000.0,0.15
6,Zprime_2000GeV_030,0.5924123675120223,2000.0,0.3
7,Zprime_2000GeV_045,0.6109766255112752,2000.0,0.45
8,Zprime_2000GeV_060,0.6291061558294956,2000.0,0.6
9,Zprime_2000GeV_075,0.6259644316106198,2000.0,0.75
10,Zprime_2500GeV_015,0.5618969470251108,2500.0,0.15
11,Zprime_2500GeV_030,0.5979173138766014,2500.0,0.3
12,Zprime_2500GeV_045,0.6226005330430195,2500.0,0.45
13,Zprime_2500GeV_060,0.6476591851360395,2500.0,0.6
14,Zprime_2500GeV_075,0.6524920295130092,2500.0,0.75
15,Zprime_3000GeV_015,0.5631911042404366,3000.0,0.15
16,Zprime_3000GeV_030,0.6011465955390126,3000.0,0.3
17,Zprime_3000GeV_045,0.6265119313176285,3000.0,0.45
18,Zprime_3000GeV_060,0.6534683046870112,3000.0,0.6
19,Zprime_3000GeV_075,0.6680358749808388,3000.0,0.75
20,Zprime_3500GeV_015,0.5614977259844769,3500.0,0.15
21,Zprime_3500GeV_030,0.6034212521066487,3500.0,0.3
22,Zprime_3500GeV_045,0.635162804105296,3500.0,0.45
23,Zprime_3500GeV_060,0.6641470722676119,3500.0,0.6
24,Zprime_3500GeV_075,0.6723439580220877,3500.0,0.75
25,Zprime_4000GeV_015,0.5662777988802952,4000.0,0.15
26,Zprime_4000GeV_030,0.6096912210031108,4000.0,0.3
27,Zprime_4000GeV_045,0.6414892320802139,4000.0,0.45
28,Zprime_4000GeV_060,0.6652541648351987,4000.0,0.6
29,Zprime_4000GeV_075,0.6865947670802837,4000.0,0.75
