,name,auc,mass,nu
0,Zprime_1500GeV_015,0.5342662175762978,1500.0,0.15
1,Zprime_1500GeV_030,0.5553542379437294,1500.0,0.3
2,Zprime_1500GeV_045,0.5384527878287427,1500.0,0.45
3,Zprime_1500GeV_060,0.5277393518251998,1500.0,0.6
4,Zprime_1500GeV_075,0.5397772552244425,1500.0,0.75
5,Zprime_2000GeV_015,0.5662656282869807,2000.0,0.15
6,Zprime_2000GeV_030,0.5768650049239261,2000.0,0.3
7,Zprime_2000GeV_045,0.5914528898835137,2000.0,0.45
8,Zprime_2000GeV_060,0.6037638537322992,2000.0,0.6
9,Zprime_2000GeV_075,0.6058225739322316,2000.0,0.75
10,Zprime_2500GeV_015,0.5628283371803755,2500.0,0.15
11,Zprime_2500GeV_030,0.5862134358777887,2500.0,0.3
12,Zprime_2500GeV_045,0.6104677687581316,2500.0,0.45
13,Zprime_2500GeV_060,0.6275563934650535,2500.0,0.6
14,Zprime_2500GeV_075,0.6315077168166987,2500.0,0.75
15,Zprime_3000GeV_015,0.5678132439542471,3000.0,0.15
16,Zprime_3000GeV_030,0.5978979732618015,3000.0,0.3
17,Zprime_3000GeV_045,0.6172298658943958,3000.0,0.45
18,Zprime_3000GeV_060,0.6397747675627281,3000.0,0.6
19,Zprime_3000GeV_075,0.651045564242843,3000.0,0.75
20,Zprime_3500GeV_015,0.5784484985869447,3500.0,0.15
21,Zprime_3500GeV_030,0.6055507107071851,3500.0,0.3
22,Zprime_3500GeV_045,0.6307233947478748,3500.0,0.45
23,Zprime_3500GeV_060,0.6570587734068739,3500.0,0.6
24,Zprime_3500GeV_075,0.6672830112956798,3500.0,0.75
25,Zprime_4000GeV_015,0.5981295143146429,4000.0,0.15
26,Zprime_4000GeV_030,0.6242355113980679,4000.0,0.3
27,Zprime_4000GeV_045,0.649393398248291,4000.0,0.45
28,Zprime_4000GeV_060,0.6643805463885528,4000.0,0.6
29,Zprime_4000GeV_075,0.6821944350534381,4000.0,0.75
