,name,auc,mass,nu
0,Zprime_1500GeV_015,0.5693751255139465,1500.0,0.15
1,Zprime_1500GeV_030,0.5856754722523084,1500.0,0.3
2,Zprime_1500GeV_045,0.5634288010941592,1500.0,0.45
3,Zprime_1500GeV_060,0.5294137732912068,1500.0,0.6
4,Zprime_1500GeV_075,0.556982054296782,1500.0,0.75
5,Zprime_2000GeV_015,0.5840498246489967,2000.0,0.15
6,Zprime_2000GeV_030,0.5957378538109372,2000.0,0.3
7,Zprime_2000GeV_045,0.6117305549133445,2000.0,0.45
8,Zprime_2000GeV_060,0.6190127512811635,2000.0,0.6
9,Zprime_2000GeV_075,0.607384640304864,2000.0,0.75
10,Zprime_2500GeV_015,0.5787668894985195,2500.0,0.15
11,Zprime_2500GeV_030,0.6036032884473992,2500.0,0.3
12,Zprime_2500GeV_045,0.6226792984599119,2500.0,0.45
13,Zprime_2500GeV_060,0.6368344257862357,2500.0,0.6
14,Zprime_2500GeV_075,0.6386635016350264,2500.0,0.75
15,Zprime_3000GeV_015,0.5850167172837736,3000.0,0.15
16,Zprime_3000GeV_030,0.6088316907151674,3000.0,0.3
17,Zprime_3000GeV_045,0.6282689859223827,3000.0,0.45
18,Zprime_3000GeV_060,0.6454112443263834,3000.0,0.6
19,Zprime_3000GeV_075,0.6536751983339799,3000.0,0.75
20,Zprime_3500GeV_015,0.598547375426274,3500.0,0.15
21,Zprime_3500GeV_030,0.6210029573033728,3500.0,0.3
22,Zprime_3500GeV_045,0.6389807800373546,3500.0,0.45
23,Zprime_3500GeV_060,0.6607747681926309,3500.0,0.6
24,Zprime_3500GeV_075,0.6675724010673132,3500.0,0.75
25,Zprime_4000GeV_015,0.6197853168711998,4000.0,0.15
26,Zprime_4000GeV_030,0.6389071527113845,4000.0,0.3
27,Zprime_4000GeV_045,0.6569129094921127,4000.0,0.45
28,Zprime_4000GeV_060,0.6706472863866262,4000.0,0.6
29,Zprime_4000GeV_075,0.683608746130278,4000.0,0.75
