,name,auc,mass,nu
0,Zprime_1500GeV_015,0.5083635447604754,1500.0,0.15
1,Zprime_1500GeV_030,0.5279463252517503,1500.0,0.3
2,Zprime_1500GeV_045,0.5185187248826479,1500.0,0.45
3,Zprime_1500GeV_060,0.5213913092065384,1500.0,0.6
4,Zprime_1500GeV_075,0.5312765880449756,1500.0,0.75
5,Zprime_2000GeV_015,0.529607984838039,2000.0,0.15
6,Zprime_2000GeV_030,0.5456277409425486,2000.0,0.3
7,Zprime_2000GeV_045,0.5562596798598383,2000.0,0.45
8,Zprime_2000GeV_060,0.5668329366550939,2000.0,0.6
9,Zprime_2000GeV_075,0.5693127722303039,2000.0,0.75
10,Zprime_2500GeV_015,0.5309691710290722,2500.0,0.15
11,Zprime_2500GeV_030,0.5546225587371638,2500.0,0.3
12,Zprime_2500GeV_045,0.5695923393016631,2500.0,0.45
13,Zprime_2500GeV_060,0.5857536408287443,2500.0,0.6
14,Zprime_2500GeV_075,0.5954144934341448,2500.0,0.75
15,Zprime_3000GeV_015,0.542753836246051,3000.0,0.15
16,Zprime_3000GeV_030,0.5603253237821694,3000.0,0.3
17,Zprime_3000GeV_045,0.5814240436248876,3000.0,0.45
18,Zprime_3000GeV_060,0.59571856337683,3000.0,0.6
19,Zprime_3000GeV_075,0.6096129435920302,3000.0,0.75
20,Zprime_3500GeV_015,0.5587165403778418,3500.0,0.15
21,Zprime_3500GeV_030,0.5788606365222688,3500.0,0.3
22,Zprime_3500GeV_045,0.5964312387275625,3500.0,0.45
23,Zprime_3500GeV_060,0.6166908777262093,3500.0,0.6
24,Zprime_3500GeV_075,0.6240351247412868,3500.0,0.75
25,Zprime_4000GeV_015,0.5835208063170338,4000.0,0.15
26,Zprime_4000GeV_030,0.5996193644976138,4000.0,0.3
27,Zprime_4000GeV_045,0.6184848254960816,4000.0,0.45
28,Zprime_4000GeV_060,0.6290157217745647,4000.0,0.6
29,Zprime_4000GeV_075,0.6418599118806674,4000.0,0.75
