,name,auc,mass,nu
0,Zprime_1500GeV_015,0.5115610235596284,1500.0,0.15
1,Zprime_1500GeV_030,0.5355989978618089,1500.0,0.3
2,Zprime_1500GeV_045,0.5155592465843745,1500.0,0.45
3,Zprime_1500GeV_060,0.519348619431247,1500.0,0.6
4,Zprime_1500GeV_075,0.5296692745568626,1500.0,0.75
5,Zprime_2000GeV_015,0.5421526829150689,2000.0,0.15
6,Zprime_2000GeV_030,0.5471324105712272,2000.0,0.3
7,Zprime_2000GeV_045,0.5557674473672556,2000.0,0.45
8,Zprime_2000GeV_060,0.5617215985086573,2000.0,0.6
9,Zprime_2000GeV_075,0.5551336965140169,2000.0,0.75
10,Zprime_2500GeV_015,0.5284317415446027,2500.0,0.15
11,Zprime_2500GeV_030,0.5458247857618996,2500.0,0.3
12,Zprime_2500GeV_045,0.5633658129520959,2500.0,0.45
13,Zprime_2500GeV_060,0.5717984435476811,2500.0,0.6
14,Zprime_2500GeV_075,0.5823951468015617,2500.0,0.75
15,Zprime_3000GeV_015,0.5238206914971371,3000.0,0.15
16,Zprime_3000GeV_030,0.5433171735311011,3000.0,0.3
17,Zprime_3000GeV_045,0.5627851921024278,3000.0,0.45
18,Zprime_3000GeV_060,0.574886738010574,3000.0,0.6
19,Zprime_3000GeV_075,0.5902774614768814,3000.0,0.75
20,Zprime_3500GeV_015,0.5366289267360215,3500.0,0.15
21,Zprime_3500GeV_030,0.5540161630916136,3500.0,0.3
22,Zprime_3500GeV_045,0.571992561103813,3500.0,0.45
23,Zprime_3500GeV_060,0.5924164389370238,3500.0,0.6
24,Zprime_3500GeV_075,0.6026070995575861,3500.0,0.75
25,Zprime_4000GeV_015,0.5616031266669353,4000.0,0.15
26,Zprime_4000GeV_030,0.574891078225367,4000.0,0.3
27,Zprime_4000GeV_045,0.5937529643432553,4000.0,0.45
28,Zprime_4000GeV_060,0.6039490516673515,4000.0,0.6
29,Zprime_4000GeV_075,0.6160109021606887,4000.0,0.75
