,name,auc,mass,nu
0,Zprime_1500GeV_015,0.5590978380479601,1500.0,0.15
1,Zprime_1500GeV_030,0.5765928299904572,1500.0,0.3
2,Zprime_1500GeV_045,0.545484810630163,1500.0,0.45
3,Zprime_1500GeV_060,0.549374480050299,1500.0,0.6
4,Zprime_1500GeV_075,0.5583258453698977,1500.0,0.75
5,Zprime_2000GeV_015,0.5768172665230262,2000.0,0.15
6,Zprime_2000GeV_030,0.5938485052309705,2000.0,0.3
7,Zprime_2000GeV_045,0.6082162631843018,2000.0,0.45
8,Zprime_2000GeV_060,0.6206811213534712,2000.0,0.6
9,Zprime_2000GeV_075,0.6138354231300073,2000.0,0.75
10,Zprime_2500GeV_015,0.5734266472596045,2500.0,0.15
11,Zprime_2500GeV_030,0.6028133989739883,2500.0,0.3
12,Zprime_2500GeV_045,0.6227275737328403,2500.0,0.45
13,Zprime_2500GeV_060,0.6397859792611524,2500.0,0.6
14,Zprime_2500GeV_075,0.6445555451358833,2500.0,0.75
15,Zprime_3000GeV_015,0.582943279003705,3000.0,0.15
16,Zprime_3000GeV_030,0.611356205417423,3000.0,0.3
17,Zprime_3000GeV_045,0.6316462825121636,3000.0,0.45
18,Zprime_3000GeV_060,0.6498643252376792,3000.0,0.6
19,Zprime_3000GeV_075,0.6592794592333426,3000.0,0.75
20,Zprime_3500GeV_015,0.5961604932128363,3500.0,0.15
21,Zprime_3500GeV_030,0.6222059039657364,3500.0,0.3
22,Zprime_3500GeV_045,0.642635458665436,3500.0,0.45
23,Zprime_3500GeV_060,0.6661050190367273,3500.0,0.6
24,Zprime_3500GeV_075,0.6725853378499923,3500.0,0.75
25,Zprime_4000GeV_015,0.6182057955330491,4000.0,0.15
26,Zprime_4000GeV_030,0.6444367703998463,4000.0,0.3
27,Zprime_4000GeV_045,0.6620943370399288,4000.0,0.45
28,Zprime_4000GeV_060,0.6762559612919827,4000.0,0.6
29,Zprime_4000GeV_075,0.6918908415800833,4000.0,0.75
