,name,auc,mass,nu
0,Zprime_1500GeV_015,0.5468877238845848,1500.0,0.15
1,Zprime_1500GeV_030,0.5633340483181593,1500.0,0.3
2,Zprime_1500GeV_045,0.5432342550256991,1500.0,0.45
3,Zprime_1500GeV_060,0.5540756155019229,1500.0,0.6
4,Zprime_1500GeV_075,0.5708082226693184,1500.0,0.75
5,Zprime_2000GeV_015,0.547300349885426,2000.0,0.15
6,Zprime_2000GeV_030,0.5594140610185823,2000.0,0.3
7,Zprime_2000GeV_045,0.5710471708342029,2000.0,0.45
8,Zprime_2000GeV_060,0.5763320179351358,2000.0,0.6
9,Zprime_2000GeV_075,0.57938437632885,2000.0,0.75
10,Zprime_2500GeV_015,0.5321652217142443,2500.0,0.15
11,Zprime_2500GeV_030,0.5576840674833026,2500.0,0.3
12,Zprime_2500GeV_045,0.5742048320870972,2500.0,0.45
13,Zprime_2500GeV_060,0.5879698694381127,2500.0,0.6
14,Zprime_2500GeV_075,0.597663827043637,2500.0,0.75
15,Zprime_3000GeV_015,0.5332994365607433,3000.0,0.15
16,Zprime_3000GeV_030,0.556102516564543,3000.0,0.3
17,Zprime_3000GeV_045,0.5754489112311061,3000.0,0.45
18,Zprime_3000GeV_060,0.5929861940535965,3000.0,0.6
19,Zprime_3000GeV_075,0.6068746518193028,3000.0,0.75
20,Zprime_3500GeV_015,0.5435208932802849,3500.0,0.15
21,Zprime_3500GeV_030,0.5679922308739431,3500.0,0.3
22,Zprime_3500GeV_045,0.5885666181617224,3500.0,0.45
23,Zprime_3500GeV_060,0.6074566198803224,3500.0,0.6
24,Zprime_3500GeV_075,0.6193153510401959,3500.0,0.75
25,Zprime_4000GeV_015,0.5628297783033793,4000.0,0.15
26,Zprime_4000GeV_030,0.5841316442671224,4000.0,0.3
27,Zprime_4000GeV_045,0.6042529154583592,4000.0,0.45
28,Zprime_4000GeV_060,0.6182705385137166,4000.0,0.6
29,Zprime_4000GeV_075,0.6333053772753303,4000.0,0.75
