,name,auc,mass,nu
0,Zprime_1500GeV_015,0.5626697154077691,1500.0,0.15
1,Zprime_1500GeV_030,0.5898901789748727,1500.0,0.3
2,Zprime_1500GeV_045,0.5689085116412275,1500.0,0.45
3,Zprime_1500GeV_060,0.5631629535061965,1500.0,0.6
4,Zprime_1500GeV_075,0.5731252564964339,1500.0,0.75
5,Zprime_2000GeV_015,0.5869307897230585,2000.0,0.15
6,Zprime_2000GeV_030,0.6046404866202922,2000.0,0.3
7,Zprime_2000GeV_045,0.6249710649898861,2000.0,0.45
8,Zprime_2000GeV_060,0.6376133920145471,2000.0,0.6
9,Zprime_2000GeV_075,0.6368158090832583,2000.0,0.75
10,Zprime_2500GeV_015,0.5777998403425124,2500.0,0.15
11,Zprime_2500GeV_030,0.61067038905478,2500.0,0.3
12,Zprime_2500GeV_045,0.6344294932685651,2500.0,0.45
13,Zprime_2500GeV_060,0.6562084949475222,2500.0,0.6
14,Zprime_2500GeV_075,0.6591276553016528,2500.0,0.75
15,Zprime_3000GeV_015,0.5796120395812399,3000.0,0.15
16,Zprime_3000GeV_030,0.6142998929565442,3000.0,0.3
17,Zprime_3000GeV_045,0.6397763598513322,3000.0,0.45
18,Zprime_3000GeV_060,0.663841736519826,3000.0,0.6
19,Zprime_3000GeV_075,0.6772059873295854,3000.0,0.75
20,Zprime_3500GeV_015,0.5872145744834374,3500.0,0.15
21,Zprime_3500GeV_030,0.6209366536886349,3500.0,0.3
22,Zprime_3500GeV_045,0.6474406345367212,3500.0,0.45
23,Zprime_3500GeV_060,0.67387327462532,3500.0,0.6
24,Zprime_3500GeV_075,0.6837268510584533,3500.0,0.75
25,Zprime_4000GeV_015,0.6056467039634534,4000.0,0.15
26,Zprime_4000GeV_030,0.6313136122023184,4000.0,0.3
27,Zprime_4000GeV_045,0.6597894850673205,4000.0,0.45
28,Zprime_4000GeV_060,0.6766575559679827,4000.0,0.6
29,Zprime_4000GeV_075,0.6933275506855903,4000.0,0.75
