,name,auc,mass,nu
0,Zprime_1500GeV_015,0.505130481656467,1500.0,0.15
1,Zprime_1500GeV_030,0.5303838759971542,1500.0,0.3
2,Zprime_1500GeV_045,0.5116543213453522,1500.0,0.45
3,Zprime_1500GeV_060,0.5218381696415972,1500.0,0.6
4,Zprime_1500GeV_075,0.5405528080440362,1500.0,0.75
5,Zprime_2000GeV_015,0.5275346716314779,2000.0,0.15
6,Zprime_2000GeV_030,0.5426580229995693,2000.0,0.3
7,Zprime_2000GeV_045,0.5544330352895914,2000.0,0.45
8,Zprime_2000GeV_060,0.5682885732320482,2000.0,0.6
9,Zprime_2000GeV_075,0.5643199650526073,2000.0,0.75
10,Zprime_2500GeV_015,0.5370191210712901,2500.0,0.15
11,Zprime_2500GeV_030,0.5610459574220364,2500.0,0.3
12,Zprime_2500GeV_045,0.5797051717546798,2500.0,0.45
13,Zprime_2500GeV_060,0.5925144331904875,2500.0,0.6
14,Zprime_2500GeV_075,0.6006587781502624,2500.0,0.75
15,Zprime_3000GeV_015,0.5559182982199615,3000.0,0.15
16,Zprime_3000GeV_030,0.5743670535509292,3000.0,0.3
17,Zprime_3000GeV_045,0.5945501895706715,3000.0,0.45
18,Zprime_3000GeV_060,0.6069601769661488,3000.0,0.6
19,Zprime_3000GeV_075,0.6193182537047491,3000.0,0.75
20,Zprime_3500GeV_015,0.5751400464929255,3500.0,0.15
21,Zprime_3500GeV_030,0.5955435583849182,3500.0,0.3
22,Zprime_3500GeV_045,0.6128185732804726,3500.0,0.45
23,Zprime_3500GeV_060,0.6307231272228995,3500.0,0.6
24,Zprime_3500GeV_075,0.6381707979020228,3500.0,0.75
25,Zprime_4000GeV_015,0.5980624550493427,4000.0,0.15
26,Zprime_4000GeV_030,0.6158287287197004,4000.0,0.3
27,Zprime_4000GeV_045,0.6344924306790722,4000.0,0.45
28,Zprime_4000GeV_060,0.642613837178871,4000.0,0.6
29,Zprime_4000GeV_075,0.654452836579516,4000.0,0.75
