,name,auc,mass,nu
0,Zprime_1500GeV_015,0.565947170812884,1500.0,0.15
1,Zprime_1500GeV_030,0.5823020804448107,1500.0,0.3
2,Zprime_1500GeV_045,0.5603062538608149,1500.0,0.45
3,Zprime_1500GeV_060,0.5441690568832028,1500.0,0.6
4,Zprime_1500GeV_075,0.5705275684099569,1500.0,0.75
5,Zprime_2000GeV_015,0.5850870669545698,2000.0,0.15
6,Zprime_2000GeV_030,0.5998266777537353,2000.0,0.3
7,Zprime_2000GeV_045,0.6123645117885116,2000.0,0.45
8,Zprime_2000GeV_060,0.6191309282509997,2000.0,0.6
9,Zprime_2000GeV_075,0.6150344418552112,2000.0,0.75
10,Zprime_2500GeV_015,0.577256534835972,2500.0,0.15
11,Zprime_2500GeV_030,0.6050706154319881,2500.0,0.3
12,Zprime_2500GeV_045,0.6261391067646022,2500.0,0.45
13,Zprime_2500GeV_060,0.637573415660238,2500.0,0.6
14,Zprime_2500GeV_075,0.6413289399797648,2500.0,0.75
15,Zprime_3000GeV_015,0.5854839446768838,3000.0,0.15
16,Zprime_3000GeV_030,0.6112017180918371,3000.0,0.3
17,Zprime_3000GeV_045,0.6327235945877753,3000.0,0.45
18,Zprime_3000GeV_060,0.6506104003267478,3000.0,0.6
19,Zprime_3000GeV_075,0.657609507032734,3000.0,0.75
20,Zprime_3500GeV_015,0.6013885890980771,3500.0,0.15
21,Zprime_3500GeV_030,0.6252449878025672,3500.0,0.3
22,Zprime_3500GeV_045,0.6467687777005606,3500.0,0.45
23,Zprime_3500GeV_060,0.6662695450962779,3500.0,0.6
24,Zprime_3500GeV_075,0.6748116257261837,3500.0,0.75
25,Zprime_4000GeV_015,0.6257430249224765,4000.0,0.15
26,Zprime_4000GeV_030,0.6461703559862191,4000.0,0.3
27,Zprime_4000GeV_045,0.6668065597905941,4000.0,0.45
28,Zprime_4000GeV_060,0.6771080849762376,4000.0,0.6
29,Zprime_4000GeV_075,0.6905011236663441,4000.0,0.75
