,name,auc,mass,nu
0,Zprime_1500GeV_015,0.504428190755362,1500.0,0.15
1,Zprime_1500GeV_030,0.5269950250582858,1500.0,0.3
2,Zprime_1500GeV_045,0.5024356332739376,1500.0,0.45
3,Zprime_1500GeV_060,0.5185010379240165,1500.0,0.6
4,Zprime_1500GeV_075,0.5226190393693634,1500.0,0.75
5,Zprime_2000GeV_015,0.5307361884108521,2000.0,0.15
6,Zprime_2000GeV_030,0.5432661915358323,2000.0,0.3
7,Zprime_2000GeV_045,0.5527388192550182,2000.0,0.45
8,Zprime_2000GeV_060,0.5669223675869072,2000.0,0.6
9,Zprime_2000GeV_075,0.5636452499394887,2000.0,0.75
10,Zprime_2500GeV_015,0.535315779514322,2500.0,0.15
11,Zprime_2500GeV_030,0.5575783870848823,2500.0,0.3
12,Zprime_2500GeV_045,0.5748088831799887,2500.0,0.45
13,Zprime_2500GeV_060,0.5878588377065896,2500.0,0.6
14,Zprime_2500GeV_075,0.5994908266030872,2500.0,0.75
15,Zprime_3000GeV_015,0.5420401379394849,3000.0,0.15
16,Zprime_3000GeV_030,0.5598903698006019,3000.0,0.3
17,Zprime_3000GeV_045,0.5802219344982823,3000.0,0.45
18,Zprime_3000GeV_060,0.5914266261473593,3000.0,0.6
19,Zprime_3000GeV_075,0.6053711571272313,3000.0,0.75
20,Zprime_3500GeV_015,0.5538055949464591,3500.0,0.15
21,Zprime_3500GeV_030,0.5741941142461371,3500.0,0.3
22,Zprime_3500GeV_045,0.5912834823139077,3500.0,0.45
23,Zprime_3500GeV_060,0.6113405954332654,3500.0,0.6
24,Zprime_3500GeV_075,0.6194341087954328,3500.0,0.75
25,Zprime_4000GeV_015,0.5719749569178962,4000.0,0.15
26,Zprime_4000GeV_030,0.5899435277126795,4000.0,0.3
27,Zprime_4000GeV_045,0.6082373793851037,4000.0,0.45
28,Zprime_4000GeV_060,0.6181198934579739,4000.0,0.6
29,Zprime_4000GeV_075,0.6323943964854366,4000.0,0.75
