,name,auc,mass,nu
0,Zprime_1500GeV_015,0.5597620784052594,1500.0,0.15
1,Zprime_1500GeV_030,0.5743800002640934,1500.0,0.3
2,Zprime_1500GeV_045,0.5682140757093034,1500.0,0.45
3,Zprime_1500GeV_060,0.5668706111165669,1500.0,0.6
4,Zprime_1500GeV_075,0.5632929252797496,1500.0,0.75
5,Zprime_2000GeV_015,0.5863780909041065,2000.0,0.15
6,Zprime_2000GeV_030,0.6075096072645849,2000.0,0.3
7,Zprime_2000GeV_045,0.6296189813439099,2000.0,0.45
8,Zprime_2000GeV_060,0.6416494660284618,2000.0,0.6
9,Zprime_2000GeV_075,0.6391324324285099,2000.0,0.75
10,Zprime_2500GeV_015,0.5808653671999081,2500.0,0.15
11,Zprime_2500GeV_030,0.6148856141899643,2500.0,0.3
12,Zprime_2500GeV_045,0.641671380198851,2500.0,0.45
13,Zprime_2500GeV_060,0.6624346500286766,2500.0,0.6
14,Zprime_2500GeV_075,0.6641174826281951,2500.0,0.75
15,Zprime_3000GeV_015,0.5828217009225931,3000.0,0.15
16,Zprime_3000GeV_030,0.6201294538055502,3000.0,0.3
17,Zprime_3000GeV_045,0.6459983047774551,3000.0,0.45
18,Zprime_3000GeV_060,0.6743741312820775,3000.0,0.6
19,Zprime_3000GeV_075,0.6851768864485109,3000.0,0.75
20,Zprime_3500GeV_015,0.5924413567230625,3500.0,0.15
21,Zprime_3500GeV_030,0.6282802474703144,3500.0,0.3
22,Zprime_3500GeV_045,0.6591891387695326,3500.0,0.45
23,Zprime_3500GeV_060,0.6862069497756245,3500.0,0.6
24,Zprime_3500GeV_075,0.6974503373605121,3500.0,0.75
25,Zprime_4000GeV_015,0.6085951707814071,4000.0,0.15
26,Zprime_4000GeV_030,0.6420912882060044,4000.0,0.3
27,Zprime_4000GeV_045,0.6729831387359717,4000.0,0.45
28,Zprime_4000GeV_060,0.693065605337679,4000.0,0.6
29,Zprime_4000GeV_075,0.7134986282324152,4000.0,0.75
