,name,auc,mass,nu
0,Zprime_1500GeV_015,0.5550236700219261,1500.0,0.15
1,Zprime_1500GeV_030,0.5712111198820211,1500.0,0.3
2,Zprime_1500GeV_045,0.5689274558683086,1500.0,0.45
3,Zprime_1500GeV_060,0.5585587530463267,1500.0,0.6
4,Zprime_1500GeV_075,0.5793795346452092,1500.0,0.75
5,Zprime_2000GeV_015,0.5778209415254274,2000.0,0.15
6,Zprime_2000GeV_030,0.602852453096287,2000.0,0.3
7,Zprime_2000GeV_045,0.6258918154307536,2000.0,0.45
8,Zprime_2000GeV_060,0.6405240031126023,2000.0,0.6
9,Zprime_2000GeV_075,0.6426057448082433,2000.0,0.75
10,Zprime_2500GeV_015,0.569810446006185,2500.0,0.15
11,Zprime_2500GeV_030,0.6084106913197873,2500.0,0.3
12,Zprime_2500GeV_045,0.637498653107587,2500.0,0.45
13,Zprime_2500GeV_060,0.6616470203521324,2500.0,0.6
14,Zprime_2500GeV_075,0.6637548667927372,2500.0,0.75
15,Zprime_3000GeV_015,0.5759337631899755,3000.0,0.15
16,Zprime_3000GeV_030,0.6158574968104924,3000.0,0.3
17,Zprime_3000GeV_045,0.6451159380968293,3000.0,0.45
18,Zprime_3000GeV_060,0.6709665639001281,3000.0,0.6
19,Zprime_3000GeV_075,0.6840658462553902,3000.0,0.75
20,Zprime_3500GeV_015,0.5891251454150301,3500.0,0.15
21,Zprime_3500GeV_030,0.6250359827735281,3500.0,0.3
22,Zprime_3500GeV_045,0.6566119267834789,3500.0,0.45
23,Zprime_3500GeV_060,0.6816897965783826,3500.0,0.6
24,Zprime_3500GeV_075,0.6954331146577705,3500.0,0.75
25,Zprime_4000GeV_015,0.6070920483461038,4000.0,0.15
26,Zprime_4000GeV_030,0.6391127291014018,4000.0,0.3
27,Zprime_4000GeV_045,0.668761913940479,4000.0,0.45
28,Zprime_4000GeV_060,0.6876128712990891,4000.0,0.6
29,Zprime_4000GeV_075,0.7087708127778776,4000.0,0.75
