,name,auc,mass,nu
0,Zprime_1500GeV_015,0.49265084280780125,1500.0,0.15
1,Zprime_1500GeV_030,0.5217449591154285,1500.0,0.3
2,Zprime_1500GeV_045,0.5060776609302805,1500.0,0.45
3,Zprime_1500GeV_060,0.5151761818167452,1500.0,0.6
4,Zprime_1500GeV_075,0.5235840049401309,1500.0,0.75
5,Zprime_2000GeV_015,0.5260205169811863,2000.0,0.15
6,Zprime_2000GeV_030,0.5421860447332151,2000.0,0.3
7,Zprime_2000GeV_045,0.5540065767726314,2000.0,0.45
8,Zprime_2000GeV_060,0.5658172682277005,2000.0,0.6
9,Zprime_2000GeV_075,0.5677338949233558,2000.0,0.75
10,Zprime_2500GeV_015,0.5354099498684544,2500.0,0.15
11,Zprime_2500GeV_030,0.5579369743909723,2500.0,0.3
12,Zprime_2500GeV_045,0.5740694475229431,2500.0,0.45
13,Zprime_2500GeV_060,0.5892125476324259,2500.0,0.6
14,Zprime_2500GeV_075,0.5953300603568881,2500.0,0.75
15,Zprime_3000GeV_015,0.5525154847245921,3000.0,0.15
16,Zprime_3000GeV_030,0.568062551825564,3000.0,0.3
17,Zprime_3000GeV_045,0.586876561719384,3000.0,0.45
18,Zprime_3000GeV_060,0.5975663153912781,3000.0,0.6
19,Zprime_3000GeV_075,0.606216687689023,3000.0,0.75
20,Zprime_3500GeV_015,0.5620360397566775,3500.0,0.15
21,Zprime_3500GeV_030,0.5805908725903433,3500.0,0.3
22,Zprime_3500GeV_045,0.595378223658402,3500.0,0.45
23,Zprime_3500GeV_060,0.6130110753945088,3500.0,0.6
24,Zprime_3500GeV_075,0.6181726471739295,3500.0,0.75
25,Zprime_4000GeV_015,0.5714851100387082,4000.0,0.15
26,Zprime_4000GeV_030,0.5888544258282523,4000.0,0.3
27,Zprime_4000GeV_045,0.6081685888080437,4000.0,0.45
28,Zprime_4000GeV_060,0.6158215244535459,4000.0,0.6
29,Zprime_4000GeV_075,0.6284754753072263,4000.0,0.75
