,name,auc,mass,nu
0,Zprime_1500GeV_015,0.556588381195985,1500.0,0.15
1,Zprime_1500GeV_030,0.5719777156621291,1500.0,0.3
2,Zprime_1500GeV_045,0.5703732532772585,1500.0,0.45
3,Zprime_1500GeV_060,0.5552034195617354,1500.0,0.6
4,Zprime_1500GeV_075,0.5739379603942557,1500.0,0.75
5,Zprime_2000GeV_015,0.5807528699898394,2000.0,0.15
6,Zprime_2000GeV_030,0.6027757476560385,2000.0,0.3
7,Zprime_2000GeV_045,0.6259023256319975,2000.0,0.45
8,Zprime_2000GeV_060,0.6378526611356385,2000.0,0.6
9,Zprime_2000GeV_075,0.639413420946924,2000.0,0.75
10,Zprime_2500GeV_015,0.5768431045725646,2500.0,0.15
11,Zprime_2500GeV_030,0.6118421670216726,2500.0,0.3
12,Zprime_2500GeV_045,0.637725101316109,2500.0,0.45
13,Zprime_2500GeV_060,0.658670272447516,2500.0,0.6
14,Zprime_2500GeV_075,0.6612159487550029,2500.0,0.75
15,Zprime_3000GeV_015,0.582016889740124,3000.0,0.15
16,Zprime_3000GeV_030,0.6177069937536198,3000.0,0.3
17,Zprime_3000GeV_045,0.6445524367540906,3000.0,0.45
18,Zprime_3000GeV_060,0.6701198700300446,3000.0,0.6
19,Zprime_3000GeV_075,0.6826474365044262,3000.0,0.75
20,Zprime_3500GeV_015,0.5950003502527407,3500.0,0.15
21,Zprime_3500GeV_030,0.626005551522386,3500.0,0.3
22,Zprime_3500GeV_045,0.6576598948813108,3500.0,0.45
23,Zprime_3500GeV_060,0.681573765245332,3500.0,0.6
24,Zprime_3500GeV_075,0.6931753451955558,3500.0,0.75
25,Zprime_4000GeV_015,0.6138730884311772,4000.0,0.15
26,Zprime_4000GeV_030,0.6429293472473463,4000.0,0.3
27,Zprime_4000GeV_045,0.6704184024064255,4000.0,0.45
28,Zprime_4000GeV_060,0.6890094510843416,4000.0,0.6
29,Zprime_4000GeV_075,0.7073542682793759,4000.0,0.75
