,name,auc,mass,nu
0,Zprime_1500GeV_015,0.5560021796854723,1500.0,0.15
1,Zprime_1500GeV_030,0.567678064233335,1500.0,0.3
2,Zprime_1500GeV_045,0.5704051984444932,1500.0,0.45
3,Zprime_1500GeV_060,0.566762670405225,1500.0,0.6
4,Zprime_1500GeV_075,0.5850667294962622,1500.0,0.75
5,Zprime_2000GeV_015,0.5742105656610669,2000.0,0.15
6,Zprime_2000GeV_030,0.6026951140248125,2000.0,0.3
7,Zprime_2000GeV_045,0.6244442127465846,2000.0,0.45
8,Zprime_2000GeV_060,0.6444287551444944,2000.0,0.6
9,Zprime_2000GeV_075,0.6438627350527413,2000.0,0.75
10,Zprime_2500GeV_015,0.5644894080033803,2500.0,0.15
11,Zprime_2500GeV_030,0.6072046277274531,2500.0,0.3
12,Zprime_2500GeV_045,0.635686339005938,2500.0,0.45
13,Zprime_2500GeV_060,0.6607036778847168,2500.0,0.6
14,Zprime_2500GeV_075,0.6665988975687006,2500.0,0.75
15,Zprime_3000GeV_015,0.5706422297402218,3000.0,0.15
16,Zprime_3000GeV_030,0.6125188421845955,3000.0,0.3
17,Zprime_3000GeV_045,0.6422668027028833,3000.0,0.45
18,Zprime_3000GeV_060,0.6712403540114853,3000.0,0.6
19,Zprime_3000GeV_075,0.6830620736846578,3000.0,0.75
20,Zprime_3500GeV_015,0.5732789074127692,3500.0,0.15
21,Zprime_3500GeV_030,0.6153945002917269,3500.0,0.3
22,Zprime_3500GeV_045,0.6504809563032141,3500.0,0.45
23,Zprime_3500GeV_060,0.6790522209858663,3500.0,0.6
24,Zprime_3500GeV_075,0.6886261055028104,3500.0,0.75
25,Zprime_4000GeV_015,0.581648768198626,4000.0,0.15
26,Zprime_4000GeV_030,0.6230448023625422,4000.0,0.3
27,Zprime_4000GeV_045,0.6557610937142332,4000.0,0.45
28,Zprime_4000GeV_060,0.6764899807582072,4000.0,0.6
29,Zprime_4000GeV_075,0.696062298936215,4000.0,0.75
