,name,auc,mass,nu
0,Zprime_1500GeV_015,0.5254482976492045,1500.0,0.15
1,Zprime_1500GeV_030,0.543994916522301,1500.0,0.3
2,Zprime_1500GeV_045,0.5185427766219324,1500.0,0.45
3,Zprime_1500GeV_060,0.522578233734393,1500.0,0.6
4,Zprime_1500GeV_075,0.5382877472279136,1500.0,0.75
5,Zprime_2000GeV_015,0.5323920052463371,2000.0,0.15
6,Zprime_2000GeV_030,0.5474403395701878,2000.0,0.3
7,Zprime_2000GeV_045,0.55776011760972,2000.0,0.45
8,Zprime_2000GeV_060,0.5689139276988877,2000.0,0.6
9,Zprime_2000GeV_075,0.5679655794305762,2000.0,0.75
10,Zprime_2500GeV_015,0.5320070181196365,2500.0,0.15
11,Zprime_2500GeV_030,0.5555505522581056,2500.0,0.3
12,Zprime_2500GeV_045,0.573523448793823,2500.0,0.45
13,Zprime_2500GeV_060,0.5910614475984969,2500.0,0.6
14,Zprime_2500GeV_075,0.6017803471639864,2500.0,0.75
15,Zprime_3000GeV_015,0.5414015888752217,3000.0,0.15
16,Zprime_3000GeV_030,0.5637904149456936,3000.0,0.3
17,Zprime_3000GeV_045,0.5841707279207773,3000.0,0.45
18,Zprime_3000GeV_060,0.5998676432807937,3000.0,0.6
19,Zprime_3000GeV_075,0.6135694932380196,3000.0,0.75
20,Zprime_3500GeV_015,0.55516294697623,3500.0,0.15
21,Zprime_3500GeV_030,0.581438180536563,3500.0,0.3
22,Zprime_3500GeV_045,0.5989181106985405,3500.0,0.45
23,Zprime_3500GeV_060,0.6206799993554335,3500.0,0.6
24,Zprime_3500GeV_075,0.6276384957365937,3500.0,0.75
25,Zprime_4000GeV_015,0.5782192891809688,4000.0,0.15
26,Zprime_4000GeV_030,0.5964895570228707,4000.0,0.3
27,Zprime_4000GeV_045,0.6183343617429852,4000.0,0.45
28,Zprime_4000GeV_060,0.6283237184942078,4000.0,0.6
29,Zprime_4000GeV_075,0.6448929112600313,4000.0,0.75
