,name,auc,mass,nu
0,Zprime_1500GeV_015,0.5192266226971494,1500.0,0.15
1,Zprime_1500GeV_030,0.5332805307377451,1500.0,0.3
2,Zprime_1500GeV_045,0.5157022569260651,1500.0,0.45
3,Zprime_1500GeV_060,0.5260166745117694,1500.0,0.6
4,Zprime_1500GeV_075,0.5342790881392969,1500.0,0.75
5,Zprime_2000GeV_015,0.5359704518297048,2000.0,0.15
6,Zprime_2000GeV_030,0.5458424672119575,2000.0,0.3
7,Zprime_2000GeV_045,0.5557658566340944,2000.0,0.45
8,Zprime_2000GeV_060,0.5639633089500299,2000.0,0.6
9,Zprime_2000GeV_075,0.5620761084614069,2000.0,0.75
10,Zprime_2500GeV_015,0.5369950832719692,2500.0,0.15
11,Zprime_2500GeV_030,0.5586142285565598,2500.0,0.3
12,Zprime_2500GeV_045,0.5747050246489589,2500.0,0.45
13,Zprime_2500GeV_060,0.5866648126663974,2500.0,0.6
14,Zprime_2500GeV_075,0.5944040513484442,2500.0,0.75
15,Zprime_3000GeV_015,0.5474911626351182,3000.0,0.15
16,Zprime_3000GeV_030,0.5661572681049416,3000.0,0.3
17,Zprime_3000GeV_045,0.5871742911886468,3000.0,0.45
18,Zprime_3000GeV_060,0.5988254601676245,3000.0,0.6
19,Zprime_3000GeV_075,0.6087634675927425,3000.0,0.75
20,Zprime_3500GeV_015,0.5607131709243187,3500.0,0.15
21,Zprime_3500GeV_030,0.5831655608647094,3500.0,0.3
22,Zprime_3500GeV_045,0.6002031629755171,3500.0,0.45
23,Zprime_3500GeV_060,0.620157571440309,3500.0,0.6
24,Zprime_3500GeV_075,0.6265575579440397,3500.0,0.75
25,Zprime_4000GeV_015,0.5846832322958155,4000.0,0.15
26,Zprime_4000GeV_030,0.6026828952265899,4000.0,0.3
27,Zprime_4000GeV_045,0.6233741413438888,4000.0,0.45
28,Zprime_4000GeV_060,0.6288210314931498,4000.0,0.6
29,Zprime_4000GeV_075,0.6413363723182828,4000.0,0.75
