,name,auc,mass,nu
0,Zprime_1500GeV_015,0.5281046131586766,1500.0,0.15
1,Zprime_1500GeV_030,0.5443169817591912,1500.0,0.3
2,Zprime_1500GeV_045,0.5183885297533944,1500.0,0.45
3,Zprime_1500GeV_060,0.5328949670562126,1500.0,0.6
4,Zprime_1500GeV_075,0.5435333639781605,1500.0,0.75
5,Zprime_2000GeV_015,0.5408812569044823,2000.0,0.15
6,Zprime_2000GeV_030,0.5513536802052825,2000.0,0.3
7,Zprime_2000GeV_045,0.5636143707174658,2000.0,0.45
8,Zprime_2000GeV_060,0.5743257217412564,2000.0,0.6
9,Zprime_2000GeV_075,0.5726641549437612,2000.0,0.75
10,Zprime_2500GeV_015,0.5388674695245752,2500.0,0.15
11,Zprime_2500GeV_030,0.5627737207065491,2500.0,0.3
12,Zprime_2500GeV_045,0.5779401443376737,2500.0,0.45
13,Zprime_2500GeV_060,0.595069711798689,2500.0,0.6
14,Zprime_2500GeV_075,0.6026548912377379,2500.0,0.75
15,Zprime_3000GeV_015,0.5468537668513062,3000.0,0.15
16,Zprime_3000GeV_030,0.5672630125525421,3000.0,0.3
17,Zprime_3000GeV_045,0.5871403722817079,3000.0,0.45
18,Zprime_3000GeV_060,0.6017176843119333,3000.0,0.6
19,Zprime_3000GeV_075,0.6156460918593738,3000.0,0.75
20,Zprime_3500GeV_015,0.5564317466298581,3500.0,0.15
21,Zprime_3500GeV_030,0.582137818801698,3500.0,0.3
22,Zprime_3500GeV_045,0.5991000949154728,3500.0,0.45
23,Zprime_3500GeV_060,0.6218401663000227,3500.0,0.6
24,Zprime_3500GeV_075,0.6293387113991091,3500.0,0.75
25,Zprime_4000GeV_015,0.5794464499486821,4000.0,0.15
26,Zprime_4000GeV_030,0.5982770183939516,4000.0,0.3
27,Zprime_4000GeV_045,0.6176677943166748,4000.0,0.45
28,Zprime_4000GeV_060,0.6287619122432886,4000.0,0.6
29,Zprime_4000GeV_075,0.6452108356430104,4000.0,0.75
