,name,auc,mass,nu
0,Zprime_1500GeV_015,0.5080816888804333,1500.0,0.15
1,Zprime_1500GeV_030,0.5225853883510936,1500.0,0.3
2,Zprime_1500GeV_045,0.5081431388652705,1500.0,0.45
3,Zprime_1500GeV_060,0.5155349964951017,1500.0,0.6
4,Zprime_1500GeV_075,0.5244675461270096,1500.0,0.75
5,Zprime_2000GeV_015,0.5293333609415409,2000.0,0.15
6,Zprime_2000GeV_030,0.5414234359746267,2000.0,0.3
7,Zprime_2000GeV_045,0.5530004167436823,2000.0,0.45
8,Zprime_2000GeV_060,0.5626991987244789,2000.0,0.6
9,Zprime_2000GeV_075,0.5618074358672934,2000.0,0.75
10,Zprime_2500GeV_015,0.5295939266951287,2500.0,0.15
11,Zprime_2500GeV_030,0.5537758362050141,2500.0,0.3
12,Zprime_2500GeV_045,0.5691772788544561,2500.0,0.45
13,Zprime_2500GeV_060,0.5850194107926794,2500.0,0.6
14,Zprime_2500GeV_075,0.5917803066846845,2500.0,0.75
15,Zprime_3000GeV_015,0.5418805908897124,3000.0,0.15
16,Zprime_3000GeV_030,0.5611748522950812,3000.0,0.3
17,Zprime_3000GeV_045,0.5804494871987536,3000.0,0.45
18,Zprime_3000GeV_060,0.5931593963165968,3000.0,0.6
19,Zprime_3000GeV_075,0.6066741170510421,3000.0,0.75
20,Zprime_3500GeV_015,0.5534578033129383,3500.0,0.15
21,Zprime_3500GeV_030,0.5731213334709133,3500.0,0.3
22,Zprime_3500GeV_045,0.5932393727722811,3500.0,0.45
23,Zprime_3500GeV_060,0.6141137946499297,3500.0,0.6
24,Zprime_3500GeV_075,0.6191169547431306,3500.0,0.75
25,Zprime_4000GeV_015,0.5720711034368614,4000.0,0.15
26,Zprime_4000GeV_030,0.5910235400439741,4000.0,0.3
27,Zprime_4000GeV_045,0.6121701082497617,4000.0,0.45
28,Zprime_4000GeV_060,0.620923307172373,4000.0,0.6
29,Zprime_4000GeV_075,0.6359939256035757,4000.0,0.75
