,name,auc,mass,nu
0,Zprime_1500GeV_015,0.5587532692346087,1500.0,0.15
1,Zprime_1500GeV_030,0.5623305735563184,1500.0,0.3
2,Zprime_1500GeV_045,0.5683358202274571,1500.0,0.45
3,Zprime_1500GeV_060,0.5653395462031396,1500.0,0.6
4,Zprime_1500GeV_075,0.5754690467995789,1500.0,0.75
5,Zprime_2000GeV_015,0.5770382391174085,2000.0,0.15
6,Zprime_2000GeV_030,0.6048039906147171,2000.0,0.3
7,Zprime_2000GeV_045,0.6232606717671821,2000.0,0.45
8,Zprime_2000GeV_060,0.6411074985641931,2000.0,0.6
9,Zprime_2000GeV_075,0.6367749105392222,2000.0,0.75
10,Zprime_2500GeV_015,0.5682334921847172,2500.0,0.15
11,Zprime_2500GeV_030,0.6084508358554352,2500.0,0.3
12,Zprime_2500GeV_045,0.6342804009108636,2500.0,0.45
13,Zprime_2500GeV_060,0.6556056778284265,2500.0,0.6
14,Zprime_2500GeV_075,0.6606511275621992,2500.0,0.75
15,Zprime_3000GeV_015,0.5728619263030578,3000.0,0.15
16,Zprime_3000GeV_030,0.6126302808259759,3000.0,0.3
17,Zprime_3000GeV_045,0.6377185302631042,3000.0,0.45
18,Zprime_3000GeV_060,0.6641901155804952,3000.0,0.6
19,Zprime_3000GeV_075,0.6744969533897667,3000.0,0.75
20,Zprime_3500GeV_015,0.5744348482896002,3500.0,0.15
21,Zprime_3500GeV_030,0.6143958246163448,3500.0,0.3
22,Zprime_3500GeV_045,0.6467363620995419,3500.0,0.45
23,Zprime_3500GeV_060,0.6733136178438484,3500.0,0.6
24,Zprime_3500GeV_075,0.6808311261920299,3500.0,0.75
25,Zprime_4000GeV_015,0.5795922367664055,4000.0,0.15
26,Zprime_4000GeV_030,0.6193908505903658,4000.0,0.3
27,Zprime_4000GeV_045,0.6516944184152018,4000.0,0.45
28,Zprime_4000GeV_060,0.6717627987897445,4000.0,0.6
29,Zprime_4000GeV_075,0.6900983994534626,4000.0,0.75
