,name,auc,mass,nu
0,Zprime_1500GeV_015,0.5322658629076488,1500.0,0.15
1,Zprime_1500GeV_030,0.5538163764375784,1500.0,0.3
2,Zprime_1500GeV_045,0.5298818251685572,1500.0,0.45
3,Zprime_1500GeV_060,0.5434994011759753,1500.0,0.6
4,Zprime_1500GeV_075,0.5379152739824646,1500.0,0.75
5,Zprime_2000GeV_015,0.5426416009416343,2000.0,0.15
6,Zprime_2000GeV_030,0.55935229494487,2000.0,0.3
7,Zprime_2000GeV_045,0.5716036859900693,2000.0,0.45
8,Zprime_2000GeV_060,0.5867636903112867,2000.0,0.6
9,Zprime_2000GeV_075,0.5876887561537292,2000.0,0.75
10,Zprime_2500GeV_015,0.5355932581643893,2500.0,0.15
11,Zprime_2500GeV_030,0.5634615966933517,2500.0,0.3
12,Zprime_2500GeV_045,0.5856535926102411,2500.0,0.45
13,Zprime_2500GeV_060,0.6016723880853285,2500.0,0.6
14,Zprime_2500GeV_075,0.6146638744943742,2500.0,0.75
15,Zprime_3000GeV_015,0.5424637973733568,3000.0,0.15
16,Zprime_3000GeV_030,0.5670004144546081,3000.0,0.3
17,Zprime_3000GeV_045,0.5914190355001054,3000.0,0.45
18,Zprime_3000GeV_060,0.608731746999398,3000.0,0.6
19,Zprime_3000GeV_075,0.6254533840400294,3000.0,0.75
20,Zprime_3500GeV_015,0.5602889820933643,3500.0,0.15
21,Zprime_3500GeV_030,0.5824204514724836,3500.0,0.3
22,Zprime_3500GeV_045,0.6032871672820808,3500.0,0.45
23,Zprime_3500GeV_060,0.6269124207490068,3500.0,0.6
24,Zprime_3500GeV_075,0.6383622006246081,3500.0,0.75
25,Zprime_4000GeV_015,0.5873312574131808,4000.0,0.15
26,Zprime_4000GeV_030,0.6034908451231789,4000.0,0.3
27,Zprime_4000GeV_045,0.6245102470974204,4000.0,0.45
28,Zprime_4000GeV_060,0.6368791574496191,4000.0,0.6
29,Zprime_4000GeV_075,0.6546776336603956,4000.0,0.75
