,name,auc,mass,nu
0,Zprime_1500GeV_015,0.5116022449820845,1500.0,0.15
1,Zprime_1500GeV_030,0.532517880256789,1500.0,0.3
2,Zprime_1500GeV_045,0.5139552091609825,1500.0,0.45
3,Zprime_1500GeV_060,0.526015827917955,1500.0,0.6
4,Zprime_1500GeV_075,0.5221293381102305,1500.0,0.75
5,Zprime_2000GeV_015,0.5307198276314607,2000.0,0.15
6,Zprime_2000GeV_030,0.5432822381403353,2000.0,0.3
7,Zprime_2000GeV_045,0.5534833462878666,2000.0,0.45
8,Zprime_2000GeV_060,0.5622166774688554,2000.0,0.6
9,Zprime_2000GeV_075,0.5653356155890011,2000.0,0.75
10,Zprime_2500GeV_015,0.5247964125355036,2500.0,0.15
11,Zprime_2500GeV_030,0.5485058483332028,2500.0,0.3
12,Zprime_2500GeV_045,0.5640278596477089,2500.0,0.45
13,Zprime_2500GeV_060,0.580427322094615,2500.0,0.6
14,Zprime_2500GeV_075,0.5865304560645528,2500.0,0.75
15,Zprime_3000GeV_015,0.5320524799748475,3000.0,0.15
16,Zprime_3000GeV_030,0.5534661809656805,3000.0,0.3
17,Zprime_3000GeV_045,0.5744462792246325,3000.0,0.45
18,Zprime_3000GeV_060,0.5878653956313766,3000.0,0.6
19,Zprime_3000GeV_075,0.5993438271316383,3000.0,0.75
20,Zprime_3500GeV_015,0.5459764055636152,3500.0,0.15
21,Zprime_3500GeV_030,0.5699742765397289,3500.0,0.3
22,Zprime_3500GeV_045,0.5903283314143267,3500.0,0.45
23,Zprime_3500GeV_060,0.6104666597994106,3500.0,0.6
24,Zprime_3500GeV_075,0.617379222998894,3500.0,0.75
25,Zprime_4000GeV_015,0.571990038888448,4000.0,0.15
26,Zprime_4000GeV_030,0.5940249912180415,4000.0,0.3
27,Zprime_4000GeV_045,0.6169339030875924,4000.0,0.45
28,Zprime_4000GeV_060,0.6273551086006429,4000.0,0.6
29,Zprime_4000GeV_075,0.639992311924519,4000.0,0.75
