,name,auc,mass,nu
0,Zprime_1500GeV_015,0.504635648427068,1500.0,0.15
1,Zprime_1500GeV_030,0.5287322449460718,1500.0,0.3
2,Zprime_1500GeV_045,0.512933892448051,1500.0,0.45
3,Zprime_1500GeV_060,0.5186108129219564,1500.0,0.6
4,Zprime_1500GeV_075,0.5324084447288202,1500.0,0.75
5,Zprime_2000GeV_015,0.5378493458993452,2000.0,0.15
6,Zprime_2000GeV_030,0.5501351564768726,2000.0,0.3
7,Zprime_2000GeV_045,0.5575994819663836,2000.0,0.45
8,Zprime_2000GeV_060,0.5683787196113159,2000.0,0.6
9,Zprime_2000GeV_075,0.5681937364635696,2000.0,0.75
10,Zprime_2500GeV_015,0.5351125633623159,2500.0,0.15
11,Zprime_2500GeV_030,0.5550786288566012,2500.0,0.3
12,Zprime_2500GeV_045,0.5712813636728713,2500.0,0.45
13,Zprime_2500GeV_060,0.5852453261862864,2500.0,0.6
14,Zprime_2500GeV_075,0.5888130164343717,2500.0,0.75
15,Zprime_3000GeV_015,0.5416252955206751,3000.0,0.15
16,Zprime_3000GeV_030,0.5567679592050027,3000.0,0.3
17,Zprime_3000GeV_045,0.5759579831438666,3000.0,0.45
18,Zprime_3000GeV_060,0.5873882284491451,3000.0,0.6
19,Zprime_3000GeV_075,0.5993819330659359,3000.0,0.75
20,Zprime_3500GeV_015,0.5499082260266877,3500.0,0.15
21,Zprime_3500GeV_030,0.5688798344816741,3500.0,0.3
22,Zprime_3500GeV_045,0.584890505339657,3500.0,0.45
23,Zprime_3500GeV_060,0.6055382792848423,3500.0,0.6
24,Zprime_3500GeV_075,0.610740395659061,3500.0,0.75
25,Zprime_4000GeV_015,0.5702001670451348,4000.0,0.15
26,Zprime_4000GeV_030,0.587024517888532,4000.0,0.3
27,Zprime_4000GeV_045,0.6044714648272301,4000.0,0.45
28,Zprime_4000GeV_060,0.6135631466103054,4000.0,0.6
29,Zprime_4000GeV_075,0.6283911285428608,4000.0,0.75
