,name,auc,mass,nu
0,Zprime_1500GeV_015,0.5294230527575488,1500.0,0.15
1,Zprime_1500GeV_030,0.5428141448475521,1500.0,0.3
2,Zprime_1500GeV_045,0.5247534185972134,1500.0,0.45
3,Zprime_1500GeV_060,0.5395054537573527,1500.0,0.6
4,Zprime_1500GeV_075,0.5441801392260719,1500.0,0.75
5,Zprime_2000GeV_015,0.5370421703706383,2000.0,0.15
6,Zprime_2000GeV_030,0.5496379565537182,2000.0,0.3
7,Zprime_2000GeV_045,0.5604752363609331,2000.0,0.45
8,Zprime_2000GeV_060,0.5735285424238129,2000.0,0.6
9,Zprime_2000GeV_075,0.5737588209028367,2000.0,0.75
10,Zprime_2500GeV_015,0.5337412654185887,2500.0,0.15
11,Zprime_2500GeV_030,0.5580833167670407,2500.0,0.3
12,Zprime_2500GeV_045,0.5755109369555965,2500.0,0.45
13,Zprime_2500GeV_060,0.5921103877047551,2500.0,0.6
14,Zprime_2500GeV_075,0.6014631805891852,2500.0,0.75
15,Zprime_3000GeV_015,0.5454103098778262,3000.0,0.15
16,Zprime_3000GeV_030,0.5642919637839106,3000.0,0.3
17,Zprime_3000GeV_045,0.5847075586803994,3000.0,0.45
18,Zprime_3000GeV_060,0.6013353824363296,3000.0,0.6
19,Zprime_3000GeV_075,0.6124637718941816,3000.0,0.75
20,Zprime_3500GeV_015,0.5564338951526572,3500.0,0.15
21,Zprime_3500GeV_030,0.579853564683221,3500.0,0.3
22,Zprime_3500GeV_045,0.5999320811936374,3500.0,0.45
23,Zprime_3500GeV_060,0.6192393277171733,3500.0,0.6
24,Zprime_3500GeV_075,0.6279573299269094,3500.0,0.75
25,Zprime_4000GeV_015,0.5753741634910647,4000.0,0.15
26,Zprime_4000GeV_030,0.5979008633834633,4000.0,0.3
27,Zprime_4000GeV_045,0.6180919725542957,4000.0,0.45
28,Zprime_4000GeV_060,0.6282588967288814,4000.0,0.6
29,Zprime_4000GeV_075,0.6443910231253585,4000.0,0.75
