,name,auc,mass,nu
0,Zprime_1500GeV_015,0.5472685229225167,1500.0,0.15
1,Zprime_1500GeV_030,0.5642350258183597,1500.0,0.3
2,Zprime_1500GeV_045,0.5522301627011942,1500.0,0.45
3,Zprime_1500GeV_060,0.5406513184852066,1500.0,0.6
4,Zprime_1500GeV_075,0.5568147781984383,1500.0,0.75
5,Zprime_2000GeV_015,0.5756745394775982,2000.0,0.15
6,Zprime_2000GeV_030,0.5922637472440345,2000.0,0.3
7,Zprime_2000GeV_045,0.6134805389278964,2000.0,0.45
8,Zprime_2000GeV_060,0.6269782869599514,2000.0,0.6
9,Zprime_2000GeV_075,0.623064263243267,2000.0,0.75
10,Zprime_2500GeV_015,0.5732531169867151,2500.0,0.15
11,Zprime_2500GeV_030,0.6024190592777318,2500.0,0.3
12,Zprime_2500GeV_045,0.6267991384429441,2500.0,0.45
13,Zprime_2500GeV_060,0.6460377760499054,2500.0,0.6
14,Zprime_2500GeV_075,0.6531903424481477,2500.0,0.75
15,Zprime_3000GeV_015,0.5750353912008391,3000.0,0.15
16,Zprime_3000GeV_030,0.6087048044655085,3000.0,0.3
17,Zprime_3000GeV_045,0.6325779540375218,3000.0,0.45
18,Zprime_3000GeV_060,0.6567899720777083,3000.0,0.6
19,Zprime_3000GeV_075,0.6718709317878139,3000.0,0.75
20,Zprime_3500GeV_015,0.5836996505354467,3500.0,0.15
21,Zprime_3500GeV_030,0.614164230414214,3500.0,0.3
22,Zprime_3500GeV_045,0.6404533458201886,3500.0,0.45
23,Zprime_3500GeV_060,0.6666590311772491,3500.0,0.6
24,Zprime_3500GeV_075,0.6798494005491587,3500.0,0.75
25,Zprime_4000GeV_015,0.5981087275699506,4000.0,0.15
26,Zprime_4000GeV_030,0.6224491974335706,4000.0,0.3
27,Zprime_4000GeV_045,0.6507399804269394,4000.0,0.45
28,Zprime_4000GeV_060,0.6705422787611776,4000.0,0.6
29,Zprime_4000GeV_075,0.6905726123031414,4000.0,0.75
