,name,auc,mass,nu
0,Zprime_1500GeV_015,0.5134293757244577,1500.0,0.15
1,Zprime_1500GeV_030,0.5336856082894439,1500.0,0.3
2,Zprime_1500GeV_045,0.5196984673377381,1500.0,0.45
3,Zprime_1500GeV_060,0.5187420349631958,1500.0,0.6
4,Zprime_1500GeV_075,0.5376342347378366,1500.0,0.75
5,Zprime_2000GeV_015,0.5337926211426764,2000.0,0.15
6,Zprime_2000GeV_030,0.5491121297997152,2000.0,0.3
7,Zprime_2000GeV_045,0.5581076643995027,2000.0,0.45
8,Zprime_2000GeV_060,0.5681464875032473,2000.0,0.6
9,Zprime_2000GeV_075,0.5664964771215681,2000.0,0.75
10,Zprime_2500GeV_015,0.532525486606357,2500.0,0.15
11,Zprime_2500GeV_030,0.5548168154275748,2500.0,0.3
12,Zprime_2500GeV_045,0.5709792198742383,2500.0,0.45
13,Zprime_2500GeV_060,0.5834254725804762,2500.0,0.6
14,Zprime_2500GeV_075,0.590188896662414,2500.0,0.75
15,Zprime_3000GeV_015,0.5472316484917852,3000.0,0.15
16,Zprime_3000GeV_030,0.5604721884888231,3000.0,0.3
17,Zprime_3000GeV_045,0.5779754576384567,3000.0,0.45
18,Zprime_3000GeV_060,0.5891723880741982,3000.0,0.6
19,Zprime_3000GeV_075,0.6029678196799888,3000.0,0.75
20,Zprime_3500GeV_015,0.5637545098007934,3500.0,0.15
21,Zprime_3500GeV_030,0.5793070147981201,3500.0,0.3
22,Zprime_3500GeV_045,0.5916663807487955,3500.0,0.45
23,Zprime_3500GeV_060,0.6071458718562512,3500.0,0.6
24,Zprime_3500GeV_075,0.6149401596444738,3500.0,0.75
25,Zprime_4000GeV_015,0.5845436927691592,4000.0,0.15
26,Zprime_4000GeV_030,0.5968777317713834,4000.0,0.3
27,Zprime_4000GeV_045,0.6115898530995609,4000.0,0.45
28,Zprime_4000GeV_060,0.6190447090711602,4000.0,0.6
29,Zprime_4000GeV_075,0.6293663616833669,4000.0,0.75
