,name,auc,mass,nu
0,Zprime_1500GeV_015,0.5416038069334198,1500.0,0.15
1,Zprime_1500GeV_030,0.567374517747566,1500.0,0.3
2,Zprime_1500GeV_045,0.557956148200317,1500.0,0.45
3,Zprime_1500GeV_060,0.5477859878564584,1500.0,0.6
4,Zprime_1500GeV_075,0.5691423914206803,1500.0,0.75
5,Zprime_2000GeV_015,0.5758995172063293,2000.0,0.15
6,Zprime_2000GeV_030,0.5972163225170761,2000.0,0.3
7,Zprime_2000GeV_045,0.6188194299988357,2000.0,0.45
8,Zprime_2000GeV_060,0.6311625013102299,2000.0,0.6
9,Zprime_2000GeV_075,0.6324988256534374,2000.0,0.75
10,Zprime_2500GeV_015,0.5771042814188606,2500.0,0.15
11,Zprime_2500GeV_030,0.6088268776617501,2500.0,0.3
12,Zprime_2500GeV_045,0.6352455894535698,2500.0,0.45
13,Zprime_2500GeV_060,0.6533095199909722,2500.0,0.6
14,Zprime_2500GeV_075,0.6611272203740421,2500.0,0.75
15,Zprime_3000GeV_015,0.5793416139167349,3000.0,0.15
16,Zprime_3000GeV_030,0.6151253094093727,3000.0,0.3
17,Zprime_3000GeV_045,0.640382132931319,3000.0,0.45
18,Zprime_3000GeV_060,0.6667956970940501,3000.0,0.6
19,Zprime_3000GeV_075,0.6787375412406427,3000.0,0.75
20,Zprime_3500GeV_015,0.5871886458095829,3500.0,0.15
21,Zprime_3500GeV_030,0.6214142198876142,3500.0,0.3
22,Zprime_3500GeV_045,0.6508661891552686,3500.0,0.45
23,Zprime_3500GeV_060,0.6772402678192415,3500.0,0.6
24,Zprime_3500GeV_075,0.6891384145859277,3500.0,0.75
25,Zprime_4000GeV_015,0.6019059370798884,4000.0,0.15
26,Zprime_4000GeV_030,0.6332775611509031,4000.0,0.3
27,Zprime_4000GeV_045,0.6648458994804951,4000.0,0.45
28,Zprime_4000GeV_060,0.6832020231797995,4000.0,0.6
29,Zprime_4000GeV_075,0.7037604439582817,4000.0,0.75
