,name,auc,mass,nu
0,Zprime_1500GeV_015,0.554688555124551,1500.0,0.15
1,Zprime_1500GeV_030,0.5724245006620051,1500.0,0.3
2,Zprime_1500GeV_045,0.5588251681857336,1500.0,0.45
3,Zprime_1500GeV_060,0.5467027710708735,1500.0,0.6
4,Zprime_1500GeV_075,0.5464032366481335,1500.0,0.75
5,Zprime_2000GeV_015,0.5871741502407553,2000.0,0.15
6,Zprime_2000GeV_030,0.6034497940693174,2000.0,0.3
7,Zprime_2000GeV_045,0.6221186602856679,2000.0,0.45
8,Zprime_2000GeV_060,0.6280612715179898,2000.0,0.6
9,Zprime_2000GeV_075,0.6321495653909868,2000.0,0.75
10,Zprime_2500GeV_015,0.5810709121810244,2500.0,0.15
11,Zprime_2500GeV_030,0.6104265475679787,2500.0,0.3
12,Zprime_2500GeV_045,0.632895388722847,2500.0,0.45
13,Zprime_2500GeV_060,0.6510020667176268,2500.0,0.6
14,Zprime_2500GeV_075,0.6505635168597418,2500.0,0.75
15,Zprime_3000GeV_015,0.5817698273054043,3000.0,0.15
16,Zprime_3000GeV_030,0.6144260784049542,3000.0,0.3
17,Zprime_3000GeV_045,0.6369345499342347,3000.0,0.45
18,Zprime_3000GeV_060,0.6608967257946486,3000.0,0.6
19,Zprime_3000GeV_075,0.6711096537963499,3000.0,0.75
20,Zprime_3500GeV_015,0.5870027570414332,3500.0,0.15
21,Zprime_3500GeV_030,0.6171099081329185,3500.0,0.3
22,Zprime_3500GeV_045,0.6443863718624219,3500.0,0.45
23,Zprime_3500GeV_060,0.6705420640048881,3500.0,0.6
24,Zprime_3500GeV_075,0.6782807746959566,3500.0,0.75
25,Zprime_4000GeV_015,0.598800369879694,4000.0,0.15
26,Zprime_4000GeV_030,0.6276418102221802,4000.0,0.3
27,Zprime_4000GeV_045,0.6558674898067525,4000.0,0.45
28,Zprime_4000GeV_060,0.6738926666827963,4000.0,0.6
29,Zprime_4000GeV_075,0.6919211778274577,4000.0,0.75
