,name,auc,mass,nu
0,Zprime_1500GeV_015,0.5229049006516742,1500.0,0.15
1,Zprime_1500GeV_030,0.5417936006281561,1500.0,0.3
2,Zprime_1500GeV_045,0.5206752093987139,1500.0,0.45
3,Zprime_1500GeV_060,0.5388984459923942,1500.0,0.6
4,Zprime_1500GeV_075,0.5522915863009923,1500.0,0.75
5,Zprime_2000GeV_015,0.5271970057537838,2000.0,0.15
6,Zprime_2000GeV_030,0.5394337627324577,2000.0,0.3
7,Zprime_2000GeV_045,0.552131769915333,2000.0,0.45
8,Zprime_2000GeV_060,0.5651060814229605,2000.0,0.6
9,Zprime_2000GeV_075,0.5667461819828389,2000.0,0.75
10,Zprime_2500GeV_015,0.5245390061744334,2500.0,0.15
11,Zprime_2500GeV_030,0.5502858202932245,2500.0,0.3
12,Zprime_2500GeV_045,0.5666504235462242,2500.0,0.45
13,Zprime_2500GeV_060,0.5850224082221802,2500.0,0.6
14,Zprime_2500GeV_075,0.5941456472269318,2500.0,0.75
15,Zprime_3000GeV_015,0.5340083394527881,3000.0,0.15
16,Zprime_3000GeV_030,0.5538861220605996,3000.0,0.3
17,Zprime_3000GeV_045,0.5762782940858322,3000.0,0.45
18,Zprime_3000GeV_060,0.5920856361150578,3000.0,0.6
19,Zprime_3000GeV_075,0.6033171324014244,3000.0,0.75
20,Zprime_3500GeV_015,0.5450329785192353,3500.0,0.15
21,Zprime_3500GeV_030,0.5707736945381299,3500.0,0.3
22,Zprime_3500GeV_045,0.5908041242182809,3500.0,0.45
23,Zprime_3500GeV_060,0.6107024172460505,3500.0,0.6
24,Zprime_3500GeV_075,0.6187422209609986,3500.0,0.75
25,Zprime_4000GeV_015,0.5671049744378545,4000.0,0.15
26,Zprime_4000GeV_030,0.5877168189189241,4000.0,0.3
27,Zprime_4000GeV_045,0.6094898454420137,4000.0,0.45
28,Zprime_4000GeV_060,0.6186899070391332,4000.0,0.6
29,Zprime_4000GeV_075,0.6356616179850938,4000.0,0.75
