,name,auc,mass,nu
0,Zprime_1500GeV_015,0.5169687809380868,1500.0,0.15
1,Zprime_1500GeV_030,0.5380690771961387,1500.0,0.3
2,Zprime_1500GeV_045,0.517158919406429,1500.0,0.45
3,Zprime_1500GeV_060,0.5197063053178509,1500.0,0.6
4,Zprime_1500GeV_075,0.5338423223543235,1500.0,0.75
5,Zprime_2000GeV_015,0.5447353432497348,2000.0,0.15
6,Zprime_2000GeV_030,0.5531544330558806,2000.0,0.3
7,Zprime_2000GeV_045,0.5640032339605169,2000.0,0.45
8,Zprime_2000GeV_060,0.5704348515256458,2000.0,0.6
9,Zprime_2000GeV_075,0.5666202612314377,2000.0,0.75
10,Zprime_2500GeV_015,0.5365134783527725,2500.0,0.15
11,Zprime_2500GeV_030,0.5572594676159046,2500.0,0.3
12,Zprime_2500GeV_045,0.5741634201711175,2500.0,0.45
13,Zprime_2500GeV_060,0.5844973707269405,2500.0,0.6
14,Zprime_2500GeV_075,0.5906525420889164,2500.0,0.75
15,Zprime_3000GeV_015,0.5377935026203202,3000.0,0.15
16,Zprime_3000GeV_030,0.5565783343793635,3000.0,0.3
17,Zprime_3000GeV_045,0.5753833067943164,3000.0,0.45
18,Zprime_3000GeV_060,0.5879063917141061,3000.0,0.6
19,Zprime_3000GeV_075,0.6005693016595608,3000.0,0.75
20,Zprime_3500GeV_015,0.542032291435097,3500.0,0.15
21,Zprime_3500GeV_030,0.5638302196489212,3500.0,0.3
22,Zprime_3500GeV_045,0.5823049241786706,3500.0,0.45
23,Zprime_3500GeV_060,0.6052318467175968,3500.0,0.6
24,Zprime_3500GeV_075,0.6149109882482187,3500.0,0.75
25,Zprime_4000GeV_015,0.5568770196757535,4000.0,0.15
26,Zprime_4000GeV_030,0.5774044816908817,4000.0,0.3
27,Zprime_4000GeV_045,0.6010117801456493,4000.0,0.45
28,Zprime_4000GeV_060,0.6131614524215165,4000.0,0.6
29,Zprime_4000GeV_075,0.6286807012331422,4000.0,0.75
