,name,auc,mass,nu
0,Zprime_1500GeV_015,0.5646130529806846,1500.0,0.15
1,Zprime_1500GeV_030,0.5923652503203745,1500.0,0.3
2,Zprime_1500GeV_045,0.5604798164118668,1500.0,0.45
3,Zprime_1500GeV_060,0.5604544176958426,1500.0,0.6
4,Zprime_1500GeV_075,0.5546994766510286,1500.0,0.75
5,Zprime_2000GeV_015,0.5799956517072954,2000.0,0.15
6,Zprime_2000GeV_030,0.5946289355132145,2000.0,0.3
7,Zprime_2000GeV_045,0.6093710715459792,2000.0,0.45
8,Zprime_2000GeV_060,0.6144286124821362,2000.0,0.6
9,Zprime_2000GeV_075,0.6072066943478656,2000.0,0.75
10,Zprime_2500GeV_015,0.5686235882687647,2500.0,0.15
11,Zprime_2500GeV_030,0.5939188602703535,2500.0,0.3
12,Zprime_2500GeV_045,0.6126370720228664,2500.0,0.45
13,Zprime_2500GeV_060,0.6269466001458954,2500.0,0.6
14,Zprime_2500GeV_075,0.6314872522807276,2500.0,0.75
15,Zprime_3000GeV_015,0.5722191547442395,3000.0,0.15
16,Zprime_3000GeV_030,0.5956617464572735,3000.0,0.3
17,Zprime_3000GeV_045,0.6183348190569861,3000.0,0.45
18,Zprime_3000GeV_060,0.6312462522507117,3000.0,0.6
19,Zprime_3000GeV_075,0.641232936565489,3000.0,0.75
20,Zprime_3500GeV_015,0.5830095394728825,3500.0,0.15
21,Zprime_3500GeV_030,0.6046681474353843,3500.0,0.3
22,Zprime_3500GeV_045,0.6238191649799827,3500.0,0.45
23,Zprime_3500GeV_060,0.6447365983341892,3500.0,0.6
24,Zprime_3500GeV_075,0.6548463076950992,3500.0,0.75
25,Zprime_4000GeV_015,0.6029819234194792,4000.0,0.15
26,Zprime_4000GeV_030,0.6238620286863008,4000.0,0.3
27,Zprime_4000GeV_045,0.6420816004361602,4000.0,0.45
28,Zprime_4000GeV_060,0.6545832397480454,4000.0,0.6
29,Zprime_4000GeV_075,0.6695496822096223,4000.0,0.75
