,name,auc,mass,nu
0,Zprime_1500GeV_015,0.5165429436793232,1500.0,0.15
1,Zprime_1500GeV_030,0.531284934013664,1500.0,0.3
2,Zprime_1500GeV_045,0.5145716394519844,1500.0,0.45
3,Zprime_1500GeV_060,0.5177187852394675,1500.0,0.6
4,Zprime_1500GeV_075,0.5256887193927088,1500.0,0.75
5,Zprime_2000GeV_015,0.5401959317556215,2000.0,0.15
6,Zprime_2000GeV_030,0.5488339404335797,2000.0,0.3
7,Zprime_2000GeV_045,0.5614918852866642,2000.0,0.45
8,Zprime_2000GeV_060,0.5684869870999912,2000.0,0.6
9,Zprime_2000GeV_075,0.5677400428070083,2000.0,0.75
10,Zprime_2500GeV_015,0.5378796176914593,2500.0,0.15
11,Zprime_2500GeV_030,0.5593657539837249,2500.0,0.3
12,Zprime_2500GeV_045,0.5751727688106356,2500.0,0.45
13,Zprime_2500GeV_060,0.5882109789286981,2500.0,0.6
14,Zprime_2500GeV_075,0.5981448785699652,2500.0,0.75
15,Zprime_3000GeV_015,0.5464483180877842,3000.0,0.15
16,Zprime_3000GeV_030,0.5631593677804354,3000.0,0.3
17,Zprime_3000GeV_045,0.5821853896921412,3000.0,0.45
18,Zprime_3000GeV_060,0.5961416499620003,3000.0,0.6
19,Zprime_3000GeV_075,0.6064635522148855,3000.0,0.75
20,Zprime_3500GeV_015,0.5569973027215287,3500.0,0.15
21,Zprime_3500GeV_030,0.5767580416960731,3500.0,0.3
22,Zprime_3500GeV_045,0.5943997787481854,3500.0,0.45
23,Zprime_3500GeV_060,0.6134339433199352,3500.0,0.6
24,Zprime_3500GeV_075,0.6188600476397533,3500.0,0.75
25,Zprime_4000GeV_015,0.5780288365273809,4000.0,0.15
26,Zprime_4000GeV_030,0.5950347725489575,4000.0,0.3
27,Zprime_4000GeV_045,0.61376305923726,4000.0,0.45
28,Zprime_4000GeV_060,0.6232842610676999,4000.0,0.6
29,Zprime_4000GeV_075,0.6360721400301781,4000.0,0.75
