,name,auc,mass,nu
0,Zprime_1500GeV_015,0.5208275053758137,1500.0,0.15
1,Zprime_1500GeV_030,0.5421374052685364,1500.0,0.3
2,Zprime_1500GeV_045,0.5135095555052853,1500.0,0.45
3,Zprime_1500GeV_060,0.5174770827054429,1500.0,0.6
4,Zprime_1500GeV_075,0.5245270263507016,1500.0,0.75
5,Zprime_2000GeV_015,0.5406282189323091,2000.0,0.15
6,Zprime_2000GeV_030,0.5517236701704795,2000.0,0.3
7,Zprime_2000GeV_045,0.5602485426824813,2000.0,0.45
8,Zprime_2000GeV_060,0.5668121139306718,2000.0,0.6
9,Zprime_2000GeV_075,0.5669433577136227,2000.0,0.75
10,Zprime_2500GeV_015,0.5390529957529958,2500.0,0.15
11,Zprime_2500GeV_030,0.5599958516634107,2500.0,0.3
12,Zprime_2500GeV_045,0.5742557609391078,2500.0,0.45
13,Zprime_2500GeV_060,0.5871816723194583,2500.0,0.6
14,Zprime_2500GeV_075,0.5922135476577439,2500.0,0.75
15,Zprime_3000GeV_015,0.545082755908133,3000.0,0.15
16,Zprime_3000GeV_030,0.5631444410885934,3000.0,0.3
17,Zprime_3000GeV_045,0.5820970129304249,3000.0,0.45
18,Zprime_3000GeV_060,0.5939789828673906,3000.0,0.6
19,Zprime_3000GeV_075,0.6059869450301005,3000.0,0.75
20,Zprime_3500GeV_015,0.5561122656420611,3500.0,0.15
21,Zprime_3500GeV_030,0.5768297279751868,3500.0,0.3
22,Zprime_3500GeV_045,0.5946942008431899,3500.0,0.45
23,Zprime_3500GeV_060,0.6150187231100782,3500.0,0.6
24,Zprime_3500GeV_075,0.6199068716300632,3500.0,0.75
25,Zprime_4000GeV_015,0.5821274308827177,4000.0,0.15
26,Zprime_4000GeV_030,0.5998642292850541,4000.0,0.3
27,Zprime_4000GeV_045,0.6196862879829919,4000.0,0.45
28,Zprime_4000GeV_060,0.6262681087748507,4000.0,0.6
29,Zprime_4000GeV_075,0.637200388079348,4000.0,0.75
