,name,auc,mass,nu
0,Zprime_1500GeV_015,0.5081715891621716,1500.0,0.15
1,Zprime_1500GeV_030,0.5344871481477546,1500.0,0.3
2,Zprime_1500GeV_045,0.5217114771928222,1500.0,0.45
3,Zprime_1500GeV_060,0.5297700481881199,1500.0,0.6
4,Zprime_1500GeV_075,0.5289570518136271,1500.0,0.75
5,Zprime_2000GeV_015,0.5417969210238056,2000.0,0.15
6,Zprime_2000GeV_030,0.5579134030410297,2000.0,0.3
7,Zprime_2000GeV_045,0.5711213955797445,2000.0,0.45
8,Zprime_2000GeV_060,0.5826951114906328,2000.0,0.6
9,Zprime_2000GeV_075,0.5814914475480304,2000.0,0.75
10,Zprime_2500GeV_015,0.5433379418911173,2500.0,0.15
11,Zprime_2500GeV_030,0.5692211784072545,2500.0,0.3
12,Zprime_2500GeV_045,0.5868224350698525,2500.0,0.45
13,Zprime_2500GeV_060,0.6007636595866448,2500.0,0.6
14,Zprime_2500GeV_075,0.6076408055650944,2500.0,0.75
15,Zprime_3000GeV_015,0.5510050481987151,3000.0,0.15
16,Zprime_3000GeV_030,0.5713160684687166,3000.0,0.3
17,Zprime_3000GeV_045,0.5932642597716096,3000.0,0.45
18,Zprime_3000GeV_060,0.607627384088216,3000.0,0.6
19,Zprime_3000GeV_075,0.6177538794138459,3000.0,0.75
20,Zprime_3500GeV_015,0.563523019328665,3500.0,0.15
21,Zprime_3500GeV_030,0.5842699799952265,3500.0,0.3
22,Zprime_3500GeV_045,0.6031644965538832,3500.0,0.45
23,Zprime_3500GeV_060,0.62270674750542,3500.0,0.6
24,Zprime_3500GeV_075,0.6306896053669433,3500.0,0.75
25,Zprime_4000GeV_015,0.5829134252323621,4000.0,0.15
26,Zprime_4000GeV_030,0.6003342660739739,4000.0,0.3
27,Zprime_4000GeV_045,0.6203452107484795,4000.0,0.45
28,Zprime_4000GeV_060,0.6305696788720574,4000.0,0.6
29,Zprime_4000GeV_075,0.6439298343145713,4000.0,0.75
