,name,auc,mass,nu
0,Zprime_1500GeV_015,0.5658809346810743,1500.0,0.15
1,Zprime_1500GeV_030,0.584059268377284,1500.0,0.3
2,Zprime_1500GeV_045,0.560390017060948,1500.0,0.45
3,Zprime_1500GeV_060,0.5393859429305465,1500.0,0.6
4,Zprime_1500GeV_075,0.5614222818692729,1500.0,0.75
5,Zprime_2000GeV_015,0.5950888838468266,2000.0,0.15
6,Zprime_2000GeV_030,0.609030529366132,2000.0,0.3
7,Zprime_2000GeV_045,0.6239416191839919,2000.0,0.45
8,Zprime_2000GeV_060,0.6304461461985051,2000.0,0.6
9,Zprime_2000GeV_075,0.618171656490609,2000.0,0.75
10,Zprime_2500GeV_015,0.5879386598190373,2500.0,0.15
11,Zprime_2500GeV_030,0.6148776651400254,2500.0,0.3
12,Zprime_2500GeV_045,0.6370158956482155,2500.0,0.45
13,Zprime_2500GeV_060,0.6496839387500049,2500.0,0.6
14,Zprime_2500GeV_075,0.6501992818522069,2500.0,0.75
15,Zprime_3000GeV_015,0.5891589137574349,3000.0,0.15
16,Zprime_3000GeV_030,0.6175642439120534,3000.0,0.3
17,Zprime_3000GeV_045,0.638676462242332,3000.0,0.45
18,Zprime_3000GeV_060,0.6580792401074989,3000.0,0.6
19,Zprime_3000GeV_075,0.6633900307684193,3000.0,0.75
20,Zprime_3500GeV_015,0.5952636333228273,3500.0,0.15
21,Zprime_3500GeV_030,0.6238882816162437,3500.0,0.3
22,Zprime_3500GeV_045,0.646198373476897,3500.0,0.45
23,Zprime_3500GeV_060,0.6710119510867737,3500.0,0.6
24,Zprime_3500GeV_075,0.6804039230998591,3500.0,0.75
25,Zprime_4000GeV_015,0.6134531970230344,4000.0,0.15
26,Zprime_4000GeV_030,0.6405743830648947,4000.0,0.3
27,Zprime_4000GeV_045,0.6630183707301651,4000.0,0.45
28,Zprime_4000GeV_060,0.6794348843517749,4000.0,0.6
29,Zprime_4000GeV_075,0.6948502210002641,4000.0,0.75
