/pnfs/psi.ch/cms/trivcat/store/user/jniedzie/svjets/s_channel_delphes/delphesRoot/mMediator-1500_mDark-20_rinv-0p50_alpha-peak/m1500_mD20_r50_alphapeak-HepMC_part-1.root: 232 349 486 713 810 1421 1484 2038 2427 2584 2730 2771 3424 3436 3513 3574 3869 4305 4815 4926 4937 5262 5554 5641 5746 6082 6145 6354 6378 6915 7445 7472 7630 8178 8456 9529 9561 9906 9991 
/pnfs/psi.ch/cms/trivcat/store/user/jniedzie/svjets/s_channel_delphes/delphesRoot/mMediator-1500_mDark-20_rinv-0p50_alpha-peak/m1500_mD20_r50_alphapeak-HepMC_part-2.root: 123 220 823 855 1174 1558 2066 2080 2245 2413 2629 2749 2762 2822 3100 3179 3785 3832 4306 4474 4748 4951 5129 5418 5589 5664 5853 6054 6271 6295 6376 6995 7297 7405 7961 8298 8344 8848 8956 9208 9525 9575 9736 
/pnfs/psi.ch/cms/trivcat/store/user/jniedzie/svjets/s_channel_delphes/delphesRoot/mMediator-1500_mDark-20_rinv-0p50_alpha-peak/m1500_mD20_r50_alphapeak-HepMC_part-3.root: 523 591 668 1356 2628 2654 3053 3066 3359 3364 3407 4467 4759 5357 6049 6065 6403 6566 6714 7641 7675 8041 8066 8465 8526 8680 8710 8721 8731 8842 8938 9125 9483 9926 
/pnfs/psi.ch/cms/trivcat/store/user/jniedzie/svjets/s_channel_delphes/delphesRoot/mMediator-1500_mDark-20_rinv-0p50_alpha-peak/m1500_mD20_r50_alphapeak-HepMC_part-4.root: 144 571 679 1096 1400 1774 2282 2293 2430 2858 3279 3448 3513 3590 3769 4151 4392 4527 4901 6582 7211 7248 7694 8296 8322 8404 8742 9335 9545 9625 9698 9819 
/pnfs/psi.ch/cms/trivcat/store/user/jniedzie/svjets/s_channel_delphes/delphesRoot/mMediator-1500_mDark-20_rinv-0p50_alpha-peak/m1500_mD20_r50_alphapeak-HepMC_part-5.root: 16 350 568 1336 1384 1459 2494 2925 3147 3225 3763 3797 4026 4174 4300 4626 4836 4967 5060 5834 5856 5909 5974 6428 6789 7325 7480 7605 7645 8036 8299 8330 8535 8935 8996 9124 9206 9713 9721 9725 
/pnfs/psi.ch/cms/trivcat/store/user/jniedzie/svjets/s_channel_delphes/delphesRoot/mMediator-1500_mDark-20_rinv-0p50_alpha-peak/m1500_mD20_r50_alphapeak-HepMC_part-6.root: 21 107 775 1165 1488 1831 2153 2301 2846 2867 3109 3893 3988 4128 4170 4453 4719 4831 4978 5229 5404 5492 5606 6645 6885 6973 7018 7053 7259 7661 7760 7900 8013 8017 8297 8706 8936 9085 9596 9844 
/pnfs/psi.ch/cms/trivcat/store/user/jniedzie/svjets/s_channel_delphes/delphesRoot/mMediator-1500_mDark-20_rinv-0p50_alpha-peak/m1500_mD20_r50_alphapeak-HepMC_part-7.root: 430 812 1177 1937 2457 2910 4087 4130 4733 4969 5284 5609 5846 5995 6026 6259 6349 6383 6563 6772 7384 7872 7877 8428 8467 8606 8747 8799 9073 9261 9321 9943 9965 
/pnfs/psi.ch/cms/trivcat/store/user/jniedzie/svjets/s_channel_delphes/delphesRoot/mMediator-1500_mDark-20_rinv-0p50_alpha-peak/m1500_mD20_r50_alphapeak-HepMC_part-8.root: 65 211 563 1192 1215 1276 1767 1870 2007 2420 3016 3437 3629 3967 4473 4885 4977 5182 5909 6147 6657 6744 6996 7317 7396 7441 7518 7628 7884 8131 8351 8925 8986 9945 
/pnfs/psi.ch/cms/trivcat/store/user/jniedzie/svjets/s_channel_delphes/delphesRoot/mMediator-1500_mDark-20_rinv-0p50_alpha-peak/m1500_mD20_r50_alphapeak-HepMC_part-9.root: 416 501 557 725 921 1129 1480 1568 1644 1780 1864 1872 2418 2679 2918 2931 3594 4042 4093 5133 5638 6225 6388 6871 7244 7321 7502 7653 7678 7995 8011 8212 8634 8713 9103 9283 9452 9495 9788 
/pnfs/psi.ch/cms/trivcat/store/user/jniedzie/svjets/s_channel_delphes/delphesRoot/mMediator-1500_mDark-20_rinv-0p50_alpha-peak/m1500_mD20_r50_alphapeak-HepMC_part-10.root: 464 573 1379 1475 1960 2775 3038 3319 3448 3734 3873 3967 4489 4712 6266 6313 6314 7325 7368 7471 7502 7645 8200 8336 8366 8596 8639 9132 9382 9692 9903 9909 
