,name,auc,mass,nu
0,Zprime_1500GeV_015,0.8191087045273857,1500.0,0.15
1,Zprime_1500GeV_030,0.7585791167303448,1500.0,0.3
2,Zprime_1500GeV_045,0.7789233223747825,1500.0,0.45
3,Zprime_1500GeV_060,0.7664507187520144,1500.0,0.6
4,Zprime_1500GeV_075,0.7911174668444463,1500.0,0.75
5,Zprime_2000GeV_015,0.8527972580564536,2000.0,0.15
6,Zprime_2000GeV_030,0.8492974452469504,2000.0,0.3
7,Zprime_2000GeV_045,0.8423012179672688,2000.0,0.45
8,Zprime_2000GeV_060,0.8338692995838616,2000.0,0.6
9,Zprime_2000GeV_075,0.810199510088313,2000.0,0.75
10,Zprime_2500GeV_015,0.860153213345134,2500.0,0.15
11,Zprime_2500GeV_030,0.8579210681493805,2500.0,0.3
12,Zprime_2500GeV_045,0.8566450831185848,2500.0,0.45
13,Zprime_2500GeV_060,0.8492053924627802,2500.0,0.6
14,Zprime_2500GeV_075,0.8247753434583553,2500.0,0.75
15,Zprime_3000GeV_015,0.8584363261311626,3000.0,0.15
16,Zprime_3000GeV_030,0.8597026015934492,3000.0,0.3
17,Zprime_3000GeV_045,0.8522559304512076,3000.0,0.45
18,Zprime_3000GeV_060,0.8479373683497441,3000.0,0.6
19,Zprime_3000GeV_075,0.8352954376169982,3000.0,0.75
20,Zprime_3500GeV_015,0.8543382502006264,3500.0,0.15
21,Zprime_3500GeV_030,0.8480117643883208,3500.0,0.3
22,Zprime_3500GeV_045,0.8445399527238034,3500.0,0.45
23,Zprime_3500GeV_060,0.8454165012058342,3500.0,0.6
24,Zprime_3500GeV_075,0.8284648733619784,3500.0,0.75
25,Zprime_4000GeV_015,0.8443821125120681,4000.0,0.15
26,Zprime_4000GeV_030,0.8468552917296837,4000.0,0.3
27,Zprime_4000GeV_045,0.8434727702455369,4000.0,0.45
28,Zprime_4000GeV_060,0.8391661481311514,4000.0,0.6
29,Zprime_4000GeV_075,0.8285463028419147,4000.0,0.75
