,name,auc,mass,nu
0,Zprime_1500GeV_015,0.5213412406798599,1500.0,0.15
1,Zprime_1500GeV_030,0.5506706667990753,1500.0,0.3
2,Zprime_1500GeV_045,0.5263496744665764,1500.0,0.45
3,Zprime_1500GeV_060,0.5846129053052278,1500.0,0.6
4,Zprime_1500GeV_075,0.5748506346120572,1500.0,0.75
5,Zprime_2000GeV_015,0.546658416195698,2000.0,0.15
6,Zprime_2000GeV_030,0.5480590379083649,2000.0,0.3
7,Zprime_2000GeV_045,0.5521677540639675,2000.0,0.45
8,Zprime_2000GeV_060,0.5605611064555177,2000.0,0.6
9,Zprime_2000GeV_075,0.5598867328900886,2000.0,0.75
10,Zprime_2500GeV_015,0.5206745150616555,2500.0,0.15
11,Zprime_2500GeV_030,0.5305392633817549,2500.0,0.3
12,Zprime_2500GeV_045,0.556353054977146,2500.0,0.45
13,Zprime_2500GeV_060,0.5850423169523687,2500.0,0.6
14,Zprime_2500GeV_075,0.5917932502699544,2500.0,0.75
15,Zprime_3000GeV_015,0.5183647048711834,3000.0,0.15
16,Zprime_3000GeV_030,0.5320655928241359,3000.0,0.3
17,Zprime_3000GeV_045,0.561905530539924,3000.0,0.45
18,Zprime_3000GeV_060,0.5779360588434425,3000.0,0.6
19,Zprime_3000GeV_075,0.604159984035024,3000.0,0.75
20,Zprime_3500GeV_015,0.5249975009272261,3500.0,0.15
21,Zprime_3500GeV_030,0.5373029516106826,3500.0,0.3
22,Zprime_3500GeV_045,0.5671254718934355,3500.0,0.45
23,Zprime_3500GeV_060,0.5898500051422029,3500.0,0.6
24,Zprime_3500GeV_075,0.60323746652837,3500.0,0.75
25,Zprime_4000GeV_015,0.5296426429669516,4000.0,0.15
26,Zprime_4000GeV_030,0.5536525990466088,4000.0,0.3
27,Zprime_4000GeV_045,0.5715221924150473,4000.0,0.45
28,Zprime_4000GeV_060,0.5946921836240305,4000.0,0.6
29,Zprime_4000GeV_075,0.615749462043594,4000.0,0.75
