,name,auc,mass,nu
0,Zprime_1500GeV_015,0.5875803089881605,1500.0,0.15
1,Zprime_1500GeV_030,0.6309137410471775,1500.0,0.3
2,Zprime_1500GeV_045,0.5989581318893831,1500.0,0.45
3,Zprime_1500GeV_060,0.6298921334794474,1500.0,0.6
4,Zprime_1500GeV_075,0.6095481887856364,1500.0,0.75
5,Zprime_2000GeV_015,0.6474968606301563,2000.0,0.15
6,Zprime_2000GeV_030,0.6566754554618519,2000.0,0.3
7,Zprime_2000GeV_045,0.6613558612246055,2000.0,0.45
8,Zprime_2000GeV_060,0.6747505676242864,2000.0,0.6
9,Zprime_2000GeV_075,0.6642492257742938,2000.0,0.75
10,Zprime_2500GeV_015,0.6416140568573157,2500.0,0.15
11,Zprime_2500GeV_030,0.6621346735097402,2500.0,0.3
12,Zprime_2500GeV_045,0.6825331729777026,2500.0,0.45
13,Zprime_2500GeV_060,0.690622029361485,2500.0,0.6
14,Zprime_2500GeV_075,0.6924758608315065,2500.0,0.75
15,Zprime_3000GeV_015,0.6496608416401494,3000.0,0.15
16,Zprime_3000GeV_030,0.6584924916646411,3000.0,0.3
17,Zprime_3000GeV_045,0.6817716588427185,3000.0,0.45
18,Zprime_3000GeV_060,0.6914580238092757,3000.0,0.6
19,Zprime_3000GeV_075,0.6980127928247162,3000.0,0.75
20,Zprime_3500GeV_015,0.6525228022873756,3500.0,0.15
21,Zprime_3500GeV_030,0.6571221521602987,3500.0,0.3
22,Zprime_3500GeV_045,0.687936577361606,3500.0,0.45
23,Zprime_3500GeV_060,0.6993769569280234,3500.0,0.6
24,Zprime_3500GeV_075,0.7107386160330315,3500.0,0.75
25,Zprime_4000GeV_015,0.642126898363603,4000.0,0.15
26,Zprime_4000GeV_030,0.6686697536319101,4000.0,0.3
27,Zprime_4000GeV_045,0.6888080971317585,4000.0,0.45
28,Zprime_4000GeV_060,0.7012847155770073,4000.0,0.6
29,Zprime_4000GeV_075,0.7162364847952531,4000.0,0.75
