,name,auc,mass,nu
0,Zprime_1500GeV_015,0.5675691355637208,1500.0,0.15
1,Zprime_1500GeV_030,0.5750503936541453,1500.0,0.3
2,Zprime_1500GeV_045,0.5729404370527944,1500.0,0.45
3,Zprime_1500GeV_060,0.5972797008960227,1500.0,0.6
4,Zprime_1500GeV_075,0.6052716397452731,1500.0,0.75
5,Zprime_2000GeV_015,0.6123328046770846,2000.0,0.15
6,Zprime_2000GeV_030,0.6103724832935817,2000.0,0.3
7,Zprime_2000GeV_045,0.620482055087177,2000.0,0.45
8,Zprime_2000GeV_060,0.6393752193500791,2000.0,0.6
9,Zprime_2000GeV_075,0.6436147828763337,2000.0,0.75
10,Zprime_2500GeV_015,0.59115246520796,2500.0,0.15
11,Zprime_2500GeV_030,0.6049851600252715,2500.0,0.3
12,Zprime_2500GeV_045,0.6283364427534396,2500.0,0.45
13,Zprime_2500GeV_060,0.6522639344322285,2500.0,0.6
14,Zprime_2500GeV_075,0.6577783477654418,2500.0,0.75
15,Zprime_3000GeV_015,0.5835146084710966,3000.0,0.15
16,Zprime_3000GeV_030,0.6044440123971877,3000.0,0.3
17,Zprime_3000GeV_045,0.6382650943932606,3000.0,0.45
18,Zprime_3000GeV_060,0.6554684336606231,3000.0,0.6
19,Zprime_3000GeV_075,0.6756374120835875,3000.0,0.75
20,Zprime_3500GeV_015,0.5802072969188068,3500.0,0.15
21,Zprime_3500GeV_030,0.602888110003095,3500.0,0.3
22,Zprime_3500GeV_045,0.6339424697163849,3500.0,0.45
23,Zprime_3500GeV_060,0.663966099843372,3500.0,0.6
24,Zprime_3500GeV_075,0.6751419055698371,3500.0,0.75
25,Zprime_4000GeV_015,0.5847488709604354,4000.0,0.15
26,Zprime_4000GeV_030,0.6079559227457769,4000.0,0.3
27,Zprime_4000GeV_045,0.6374219067864624,4000.0,0.45
28,Zprime_4000GeV_060,0.6654796127867352,4000.0,0.6
29,Zprime_4000GeV_075,0.6840326173732377,4000.0,0.75
