,name,auc,mass,nu
0,Zprime_1500GeV_015,0.6609617739960033,1500.0,0.15
1,Zprime_1500GeV_030,0.6551540904664092,1500.0,0.3
2,Zprime_1500GeV_045,0.6535051247340941,1500.0,0.45
3,Zprime_1500GeV_060,0.6952566664517932,1500.0,0.6
4,Zprime_1500GeV_075,0.659707308301696,1500.0,0.75
5,Zprime_2000GeV_015,0.6652756830412092,2000.0,0.15
6,Zprime_2000GeV_030,0.6878008813552355,2000.0,0.3
7,Zprime_2000GeV_045,0.6887405804237399,2000.0,0.45
8,Zprime_2000GeV_060,0.707487483615892,2000.0,0.6
9,Zprime_2000GeV_075,0.7008477896321395,2000.0,0.75
10,Zprime_2500GeV_015,0.6687706152399193,2500.0,0.15
11,Zprime_2500GeV_030,0.6950502003731878,2500.0,0.3
12,Zprime_2500GeV_045,0.7037740789545354,2500.0,0.45
13,Zprime_2500GeV_060,0.7170697375380616,2500.0,0.6
14,Zprime_2500GeV_075,0.7250176958259095,2500.0,0.75
15,Zprime_3000GeV_015,0.6723111017348109,3000.0,0.15
16,Zprime_3000GeV_030,0.6864614081838529,3000.0,0.3
17,Zprime_3000GeV_045,0.7092610905619697,3000.0,0.45
18,Zprime_3000GeV_060,0.7232772899376261,3000.0,0.6
19,Zprime_3000GeV_075,0.7316925486357267,3000.0,0.75
20,Zprime_3500GeV_015,0.6638118847493033,3500.0,0.15
21,Zprime_3500GeV_030,0.6774352208639176,3500.0,0.3
22,Zprime_3500GeV_045,0.7110829566519729,3500.0,0.45
23,Zprime_3500GeV_060,0.7255538201646193,3500.0,0.6
24,Zprime_3500GeV_075,0.7336854334882849,3500.0,0.75
25,Zprime_4000GeV_015,0.6585610504581689,4000.0,0.15
26,Zprime_4000GeV_030,0.6877324206540892,4000.0,0.3
27,Zprime_4000GeV_045,0.708148823299174,4000.0,0.45
28,Zprime_4000GeV_060,0.7220354882032752,4000.0,0.6
29,Zprime_4000GeV_075,0.7380792072761502,4000.0,0.75
