,name,auc,mass,nu
0,Zprime_1500GeV_015,0.5623520058445605,1500.0,0.15
1,Zprime_1500GeV_030,0.5397678668806111,1500.0,0.3
2,Zprime_1500GeV_045,0.518496583510604,1500.0,0.45
3,Zprime_1500GeV_060,0.6247190528374051,1500.0,0.6
4,Zprime_1500GeV_075,0.5768184239364608,1500.0,0.75
5,Zprime_2000GeV_015,0.5978322905795004,2000.0,0.15
6,Zprime_2000GeV_030,0.5913441461439074,2000.0,0.3
7,Zprime_2000GeV_045,0.6031339878290136,2000.0,0.45
8,Zprime_2000GeV_060,0.6077435412593023,2000.0,0.6
9,Zprime_2000GeV_075,0.6009065091250138,2000.0,0.75
10,Zprime_2500GeV_015,0.5815584907799832,2500.0,0.15
11,Zprime_2500GeV_030,0.5917047490370708,2500.0,0.3
12,Zprime_2500GeV_045,0.6074188777404497,2500.0,0.45
13,Zprime_2500GeV_060,0.6221013535063,2500.0,0.6
14,Zprime_2500GeV_075,0.6208088333230757,2500.0,0.75
15,Zprime_3000GeV_015,0.5845263210327994,3000.0,0.15
16,Zprime_3000GeV_030,0.597619716719993,3000.0,0.3
17,Zprime_3000GeV_045,0.6166173670378376,3000.0,0.45
18,Zprime_3000GeV_060,0.6207694840448672,3000.0,0.6
19,Zprime_3000GeV_075,0.6425666362112364,3000.0,0.75
20,Zprime_3500GeV_015,0.5879973505157432,3500.0,0.15
21,Zprime_3500GeV_030,0.5940131443448589,3500.0,0.3
22,Zprime_3500GeV_045,0.6168306232156208,3500.0,0.45
23,Zprime_3500GeV_060,0.6375919630076327,3500.0,0.6
24,Zprime_3500GeV_075,0.6396517716977681,3500.0,0.75
25,Zprime_4000GeV_015,0.5890068553963352,4000.0,0.15
26,Zprime_4000GeV_030,0.6072117419730627,4000.0,0.3
27,Zprime_4000GeV_045,0.6219037357455169,4000.0,0.45
28,Zprime_4000GeV_060,0.6318880470967188,4000.0,0.6
29,Zprime_4000GeV_075,0.6448910149153143,4000.0,0.75
