,name,auc,mass,nu
0,Zprime_1500GeV_015,0.6276563742237693,1500.0,0.15
1,Zprime_1500GeV_030,0.6103721203315093,1500.0,0.3
2,Zprime_1500GeV_045,0.6273963772319989,1500.0,0.45
3,Zprime_1500GeV_060,0.6255130105932659,1500.0,0.6
4,Zprime_1500GeV_075,0.6175872867238682,1500.0,0.75
5,Zprime_2000GeV_015,0.6341406744011044,2000.0,0.15
6,Zprime_2000GeV_030,0.6519987443910998,2000.0,0.3
7,Zprime_2000GeV_045,0.6607336422940632,2000.0,0.45
8,Zprime_2000GeV_060,0.6736055064927624,2000.0,0.6
9,Zprime_2000GeV_075,0.6544574609391669,2000.0,0.75
10,Zprime_2500GeV_015,0.6298118406715237,2500.0,0.15
11,Zprime_2500GeV_030,0.6471734538586458,2500.0,0.3
12,Zprime_2500GeV_045,0.6643502798603022,2500.0,0.45
13,Zprime_2500GeV_060,0.6718160666487074,2500.0,0.6
14,Zprime_2500GeV_075,0.685188106863731,2500.0,0.75
15,Zprime_3000GeV_015,0.6232305163411332,3000.0,0.15
16,Zprime_3000GeV_030,0.6356193559394488,3000.0,0.3
17,Zprime_3000GeV_045,0.660460091996239,3000.0,0.45
18,Zprime_3000GeV_060,0.6784606671399032,3000.0,0.6
19,Zprime_3000GeV_075,0.6870741852850735,3000.0,0.75
20,Zprime_3500GeV_015,0.6179561415063757,3500.0,0.15
21,Zprime_3500GeV_030,0.6249115803571396,3500.0,0.3
22,Zprime_3500GeV_045,0.6642502831009184,3500.0,0.45
23,Zprime_3500GeV_060,0.6823967881161479,3500.0,0.6
24,Zprime_3500GeV_075,0.6939248039958429,3500.0,0.75
25,Zprime_4000GeV_015,0.609440539047965,4000.0,0.15
26,Zprime_4000GeV_030,0.6404045258103053,4000.0,0.3
27,Zprime_4000GeV_045,0.6645693510989528,4000.0,0.45
28,Zprime_4000GeV_060,0.6789314928579039,4000.0,0.6
29,Zprime_4000GeV_075,0.7016849607417407,4000.0,0.75
