,name,auc,mass,nu
0,Zprime_1500GeV_015,0.8034422742216205,1500.0,0.15
1,Zprime_1500GeV_030,0.748822696221652,1500.0,0.3
2,Zprime_1500GeV_045,0.7629431766905176,1500.0,0.45
3,Zprime_1500GeV_060,0.7696125829949075,1500.0,0.6
4,Zprime_1500GeV_075,0.7833591181589634,1500.0,0.75
5,Zprime_2000GeV_015,0.8516079918821561,2000.0,0.15
6,Zprime_2000GeV_030,0.8463165418998745,2000.0,0.3
7,Zprime_2000GeV_045,0.8325487591509843,2000.0,0.45
8,Zprime_2000GeV_060,0.8269800955471039,2000.0,0.6
9,Zprime_2000GeV_075,0.7976218037938194,2000.0,0.75
10,Zprime_2500GeV_015,0.8557707360646829,2500.0,0.15
11,Zprime_2500GeV_030,0.8520047629822199,2500.0,0.3
12,Zprime_2500GeV_045,0.8495911406137486,2500.0,0.45
13,Zprime_2500GeV_060,0.8382208033999938,2500.0,0.6
14,Zprime_2500GeV_075,0.8125527008615527,2500.0,0.75
15,Zprime_3000GeV_015,0.8550258922624036,3000.0,0.15
16,Zprime_3000GeV_030,0.8566578760192669,3000.0,0.3
17,Zprime_3000GeV_045,0.8462927435012215,3000.0,0.45
18,Zprime_3000GeV_060,0.8366259407311851,3000.0,0.6
19,Zprime_3000GeV_075,0.8230493181110222,3000.0,0.75
20,Zprime_3500GeV_015,0.8576380539183125,3500.0,0.15
21,Zprime_3500GeV_030,0.8476940761088677,3500.0,0.3
22,Zprime_3500GeV_045,0.8443754840930319,3500.0,0.45
23,Zprime_3500GeV_060,0.8404718180221169,3500.0,0.6
24,Zprime_3500GeV_075,0.8211861824920519,3500.0,0.75
25,Zprime_4000GeV_015,0.8482768583329404,4000.0,0.15
26,Zprime_4000GeV_030,0.850169122745296,4000.0,0.3
27,Zprime_4000GeV_045,0.8436020426290312,4000.0,0.45
28,Zprime_4000GeV_060,0.8377226153962797,4000.0,0.6
29,Zprime_4000GeV_075,0.8242054188233972,4000.0,0.75
