,name,auc,mass,nu
0,Zprime_1500GeV_015,0.6185586282472765,1500.0,0.15
1,Zprime_1500GeV_030,0.5775565741723158,1500.0,0.3
2,Zprime_1500GeV_045,0.5827531747566557,1500.0,0.45
3,Zprime_1500GeV_060,0.6849738928640495,1500.0,0.6
4,Zprime_1500GeV_075,0.5806590058592623,1500.0,0.75
5,Zprime_2000GeV_015,0.6061704501522265,2000.0,0.15
6,Zprime_2000GeV_030,0.6121008723866005,2000.0,0.3
7,Zprime_2000GeV_045,0.6091470183095121,2000.0,0.45
8,Zprime_2000GeV_060,0.6262935745647019,2000.0,0.6
9,Zprime_2000GeV_075,0.628872603895143,2000.0,0.75
10,Zprime_2500GeV_015,0.5977404104913173,2500.0,0.15
11,Zprime_2500GeV_030,0.6106099437997518,2500.0,0.3
12,Zprime_2500GeV_045,0.6158597852663706,2500.0,0.45
13,Zprime_2500GeV_060,0.6374932547065048,2500.0,0.6
14,Zprime_2500GeV_075,0.6368637404222026,2500.0,0.75
15,Zprime_3000GeV_015,0.5912471749012069,3000.0,0.15
16,Zprime_3000GeV_030,0.6103449076953271,3000.0,0.3
17,Zprime_3000GeV_045,0.6249575045697405,3000.0,0.45
18,Zprime_3000GeV_060,0.6380391170858823,3000.0,0.6
19,Zprime_3000GeV_075,0.656565872959811,3000.0,0.75
20,Zprime_3500GeV_015,0.597744575143615,3500.0,0.15
21,Zprime_3500GeV_030,0.60702933541584,3500.0,0.3
22,Zprime_3500GeV_045,0.6262908427922877,3500.0,0.45
23,Zprime_3500GeV_060,0.6480201042907622,3500.0,0.6
24,Zprime_3500GeV_075,0.651163204785449,3500.0,0.75
25,Zprime_4000GeV_015,0.5891614062180685,4000.0,0.15
26,Zprime_4000GeV_030,0.6184299445801971,4000.0,0.3
27,Zprime_4000GeV_045,0.6329691836159931,4000.0,0.45
28,Zprime_4000GeV_060,0.6397859525472368,4000.0,0.6
29,Zprime_4000GeV_075,0.6595832991080736,4000.0,0.75
