,name,auc,mass,nu
0,Zprime_1500GeV_015,0.5175873998152087,1500.0,0.15
1,Zprime_1500GeV_030,0.5561438444826571,1500.0,0.3
2,Zprime_1500GeV_045,0.533462257461484,1500.0,0.45
3,Zprime_1500GeV_060,0.5904112679688004,1500.0,0.6
4,Zprime_1500GeV_075,0.5557834346066288,1500.0,0.75
5,Zprime_2000GeV_015,0.5461558477274766,2000.0,0.15
6,Zprime_2000GeV_030,0.541336532146484,2000.0,0.3
7,Zprime_2000GeV_045,0.5608172715357013,2000.0,0.45
8,Zprime_2000GeV_060,0.5806918211965592,2000.0,0.6
9,Zprime_2000GeV_075,0.5884254959266331,2000.0,0.75
10,Zprime_2500GeV_015,0.5297035310898537,2500.0,0.15
11,Zprime_2500GeV_030,0.5406850082149475,2500.0,0.3
12,Zprime_2500GeV_045,0.5741925564305406,2500.0,0.45
13,Zprime_2500GeV_060,0.5925249832722352,2500.0,0.6
14,Zprime_2500GeV_075,0.6105619686110362,2500.0,0.75
15,Zprime_3000GeV_015,0.536412275921075,3000.0,0.15
16,Zprime_3000GeV_030,0.551263528335965,3000.0,0.3
17,Zprime_3000GeV_045,0.5846777523575956,3000.0,0.45
18,Zprime_3000GeV_060,0.6046607712828067,3000.0,0.6
19,Zprime_3000GeV_075,0.6302665409849417,3000.0,0.75
20,Zprime_3500GeV_015,0.5484123647581225,3500.0,0.15
21,Zprime_3500GeV_030,0.5672116237796734,3500.0,0.3
22,Zprime_3500GeV_045,0.5930567930866144,3500.0,0.45
23,Zprime_3500GeV_060,0.6241480796947944,3500.0,0.6
24,Zprime_3500GeV_075,0.6334541235773379,3500.0,0.75
25,Zprime_4000GeV_015,0.570057938652021,4000.0,0.15
26,Zprime_4000GeV_030,0.58730649010905,4000.0,0.3
27,Zprime_4000GeV_045,0.6059135394120397,4000.0,0.45
28,Zprime_4000GeV_060,0.6262651515075605,4000.0,0.6
29,Zprime_4000GeV_075,0.6474152329247215,4000.0,0.75
