,name,auc,mass,nu
0,Zprime_1500GeV_015,0.5341627452244354,1500.0,0.15
1,Zprime_1500GeV_030,0.5274329638089066,1500.0,0.3
2,Zprime_1500GeV_045,0.5144177464062399,1500.0,0.45
3,Zprime_1500GeV_060,0.5892563226541181,1500.0,0.6
4,Zprime_1500GeV_075,0.5631660373133569,1500.0,0.75
5,Zprime_2000GeV_015,0.5561850845555458,2000.0,0.15
6,Zprime_2000GeV_030,0.5494561830797359,2000.0,0.3
7,Zprime_2000GeV_045,0.5599600632368277,2000.0,0.45
8,Zprime_2000GeV_060,0.5730039321859086,2000.0,0.6
9,Zprime_2000GeV_075,0.5639648663592461,2000.0,0.75
10,Zprime_2500GeV_015,0.5431453692772027,2500.0,0.15
11,Zprime_2500GeV_030,0.5559140266423008,2500.0,0.3
12,Zprime_2500GeV_045,0.5728978808471215,2500.0,0.45
13,Zprime_2500GeV_060,0.5900348193668812,2500.0,0.6
14,Zprime_2500GeV_075,0.590345509373711,2500.0,0.75
15,Zprime_3000GeV_015,0.5525218829173577,3000.0,0.15
16,Zprime_3000GeV_030,0.5628610644705171,3000.0,0.3
17,Zprime_3000GeV_045,0.5799941585069103,3000.0,0.45
18,Zprime_3000GeV_060,0.588093634815073,3000.0,0.6
19,Zprime_3000GeV_075,0.6116661796628492,3000.0,0.75
20,Zprime_3500GeV_015,0.5578022920467827,3500.0,0.15
21,Zprime_3500GeV_030,0.5635620294531238,3500.0,0.3
22,Zprime_3500GeV_045,0.5817184381384078,3500.0,0.45
23,Zprime_3500GeV_060,0.6042126204911616,3500.0,0.6
24,Zprime_3500GeV_075,0.6087251803634618,3500.0,0.75
25,Zprime_4000GeV_015,0.5548549840756377,4000.0,0.15
26,Zprime_4000GeV_030,0.5748368725966032,4000.0,0.3
27,Zprime_4000GeV_045,0.5867123591607506,4000.0,0.45
28,Zprime_4000GeV_060,0.6003452060431348,4000.0,0.6
29,Zprime_4000GeV_075,0.619116774861606,4000.0,0.75
