,name,auc,mass,nu
0,Zprime_1500GeV_015,0.534023077418939,1500.0,0.15
1,Zprime_1500GeV_030,0.531488847191806,1500.0,0.3
2,Zprime_1500GeV_045,0.5309168117063109,1500.0,0.45
3,Zprime_1500GeV_060,0.5988547239949289,1500.0,0.6
4,Zprime_1500GeV_075,0.5891578200965574,1500.0,0.75
5,Zprime_2000GeV_015,0.5628400773612092,2000.0,0.15
6,Zprime_2000GeV_030,0.5608523052661769,2000.0,0.3
7,Zprime_2000GeV_045,0.5668266445941245,2000.0,0.45
8,Zprime_2000GeV_060,0.5709153613098692,2000.0,0.6
9,Zprime_2000GeV_075,0.5654102692607653,2000.0,0.75
10,Zprime_2500GeV_015,0.5418876933265565,2500.0,0.15
11,Zprime_2500GeV_030,0.5461421473597017,2500.0,0.3
12,Zprime_2500GeV_045,0.5625323559585185,2500.0,0.45
13,Zprime_2500GeV_060,0.5828632388049241,2500.0,0.6
14,Zprime_2500GeV_075,0.5816098062316175,2500.0,0.75
15,Zprime_3000GeV_015,0.5317603124652052,3000.0,0.15
16,Zprime_3000GeV_030,0.5365000480446516,3000.0,0.3
17,Zprime_3000GeV_045,0.5667134474391683,3000.0,0.45
18,Zprime_3000GeV_060,0.5703135403916592,3000.0,0.6
19,Zprime_3000GeV_075,0.6002332664652003,3000.0,0.75
20,Zprime_3500GeV_015,0.5239030471871651,3500.0,0.15
21,Zprime_3500GeV_030,0.532219507748944,3500.0,0.3
22,Zprime_3500GeV_045,0.557781324195384,3500.0,0.45
23,Zprime_3500GeV_060,0.5810042353052328,3500.0,0.6
24,Zprime_3500GeV_075,0.5909662429872989,3500.0,0.75
25,Zprime_4000GeV_015,0.5141919326796527,4000.0,0.15
26,Zprime_4000GeV_030,0.5359925599494884,4000.0,0.3
27,Zprime_4000GeV_045,0.5572619893257649,4000.0,0.45
28,Zprime_4000GeV_060,0.5793064917306527,4000.0,0.6
29,Zprime_4000GeV_075,0.5980236448575765,4000.0,0.75
