,name,auc,mass,nu
0,Zprime_1500GeV_015,0.5120952319559939,1500.0,0.15
1,Zprime_1500GeV_030,0.5492124303766153,1500.0,0.3
2,Zprime_1500GeV_045,0.5294913943144459,1500.0,0.45
3,Zprime_1500GeV_060,0.5968531769053912,1500.0,0.6
4,Zprime_1500GeV_075,0.5722679111237773,1500.0,0.75
5,Zprime_2000GeV_015,0.536195533132407,2000.0,0.15
6,Zprime_2000GeV_030,0.5353034318108141,2000.0,0.3
7,Zprime_2000GeV_045,0.5519692246219483,2000.0,0.45
8,Zprime_2000GeV_060,0.5626456663586812,2000.0,0.6
9,Zprime_2000GeV_075,0.5673827176298298,2000.0,0.75
10,Zprime_2500GeV_015,0.5402233294312149,2500.0,0.15
11,Zprime_2500GeV_030,0.552084770931099,2500.0,0.3
12,Zprime_2500GeV_045,0.5793293146983001,2500.0,0.45
13,Zprime_2500GeV_060,0.5902209570955702,2500.0,0.6
14,Zprime_2500GeV_075,0.5988175324734156,2500.0,0.75
15,Zprime_3000GeV_015,0.5601101422267541,3000.0,0.15
16,Zprime_3000GeV_030,0.5727359798892161,3000.0,0.3
17,Zprime_3000GeV_045,0.5919616134746654,3000.0,0.45
18,Zprime_3000GeV_060,0.6065317392675489,3000.0,0.6
19,Zprime_3000GeV_075,0.6272577001608205,3000.0,0.75
20,Zprime_3500GeV_015,0.5818920456615629,3500.0,0.15
21,Zprime_3500GeV_030,0.5891090356709398,3500.0,0.3
22,Zprime_3500GeV_045,0.6113963306425944,3500.0,0.45
23,Zprime_3500GeV_060,0.6323546171322451,3500.0,0.6
24,Zprime_3500GeV_075,0.639782218348649,3500.0,0.75
25,Zprime_4000GeV_015,0.5959843854835153,4000.0,0.15
26,Zprime_4000GeV_030,0.6154261927400919,4000.0,0.3
27,Zprime_4000GeV_045,0.6263047255847145,4000.0,0.45
28,Zprime_4000GeV_060,0.6389615395277704,4000.0,0.6
29,Zprime_4000GeV_075,0.6554587834089739,4000.0,0.75
