,name,auc,mass,nu
0,Zprime_1500GeV_015,0.5843937342873718,1500.0,0.15
1,Zprime_1500GeV_030,0.5844409483937621,1500.0,0.3
2,Zprime_1500GeV_045,0.6028306903887062,1500.0,0.45
3,Zprime_1500GeV_060,0.6181879713788435,1500.0,0.6
4,Zprime_1500GeV_075,0.5922197681401338,1500.0,0.75
5,Zprime_2000GeV_015,0.6329445917422245,2000.0,0.15
6,Zprime_2000GeV_030,0.648244121106468,2000.0,0.3
7,Zprime_2000GeV_045,0.6623352502796784,2000.0,0.45
8,Zprime_2000GeV_060,0.6760732575545957,2000.0,0.6
9,Zprime_2000GeV_075,0.6644005073436818,2000.0,0.75
10,Zprime_2500GeV_015,0.6243662940848123,2500.0,0.15
11,Zprime_2500GeV_030,0.6479349931089043,2500.0,0.3
12,Zprime_2500GeV_045,0.6708667261816421,2500.0,0.45
13,Zprime_2500GeV_060,0.6832799691595469,2500.0,0.6
14,Zprime_2500GeV_075,0.6919225180569281,2500.0,0.75
15,Zprime_3000GeV_015,0.6217020328990934,3000.0,0.15
16,Zprime_3000GeV_030,0.6464590746686343,3000.0,0.3
17,Zprime_3000GeV_045,0.6729328440977234,3000.0,0.45
18,Zprime_3000GeV_060,0.6931443871105207,3000.0,0.6
19,Zprime_3000GeV_075,0.7056874776200194,3000.0,0.75
20,Zprime_3500GeV_015,0.6225897961223733,3500.0,0.15
21,Zprime_3500GeV_030,0.6371144771072778,3500.0,0.3
22,Zprime_3500GeV_045,0.6768682602251193,3500.0,0.45
23,Zprime_3500GeV_060,0.7020554787095581,3500.0,0.6
24,Zprime_3500GeV_075,0.7145648446817789,3500.0,0.75
25,Zprime_4000GeV_015,0.6119040038011223,4000.0,0.15
26,Zprime_4000GeV_030,0.6487436232729693,4000.0,0.3
27,Zprime_4000GeV_045,0.6772823253482911,4000.0,0.45
28,Zprime_4000GeV_060,0.6991466625517825,4000.0,0.6
29,Zprime_4000GeV_075,0.7218834047266862,4000.0,0.75
