,name,auc,mass,nu
0,Zprime_1500GeV_015,0.49026407958916174,1500.0,0.15
1,Zprime_1500GeV_030,0.5462698242624756,1500.0,0.3
2,Zprime_1500GeV_045,0.530283471926771,1500.0,0.45
3,Zprime_1500GeV_060,0.5807376608865682,1500.0,0.6
4,Zprime_1500GeV_075,0.5549776588056876,1500.0,0.75
5,Zprime_2000GeV_015,0.5351774364598444,2000.0,0.15
6,Zprime_2000GeV_030,0.5343735782144382,2000.0,0.3
7,Zprime_2000GeV_045,0.5450544681582549,2000.0,0.45
8,Zprime_2000GeV_060,0.5601738326994563,2000.0,0.6
9,Zprime_2000GeV_075,0.5602594325704112,2000.0,0.75
10,Zprime_2500GeV_015,0.5280674594945797,2500.0,0.15
11,Zprime_2500GeV_030,0.5395116039646909,2500.0,0.3
12,Zprime_2500GeV_045,0.5646497036494023,2500.0,0.45
13,Zprime_2500GeV_060,0.5834453326509925,2500.0,0.6
14,Zprime_2500GeV_075,0.5914179331796033,2500.0,0.75
15,Zprime_3000GeV_015,0.5335784356815104,3000.0,0.15
16,Zprime_3000GeV_030,0.5493856753792811,3000.0,0.3
17,Zprime_3000GeV_045,0.5790643648310565,3000.0,0.45
18,Zprime_3000GeV_060,0.5877244013230549,3000.0,0.6
19,Zprime_3000GeV_075,0.6150298191729737,3000.0,0.75
20,Zprime_3500GeV_015,0.549657323404307,3500.0,0.15
21,Zprime_3500GeV_030,0.5653512831216992,3500.0,0.3
22,Zprime_3500GeV_045,0.5852393118985926,3500.0,0.45
23,Zprime_3500GeV_060,0.6152018769778412,3500.0,0.6
24,Zprime_3500GeV_075,0.6214852111173887,3500.0,0.75
25,Zprime_4000GeV_015,0.5688054863262754,4000.0,0.15
26,Zprime_4000GeV_030,0.5847706662649118,4000.0,0.3
27,Zprime_4000GeV_045,0.6002239699764889,4000.0,0.45
28,Zprime_4000GeV_060,0.6207879635632357,4000.0,0.6
29,Zprime_4000GeV_075,0.637504610977911,4000.0,0.75
