,name,auc,mass,nu
0,Zprime_1500GeV_015,0.5959883108790476,1500.0,0.15
1,Zprime_1500GeV_030,0.6177469289053121,1500.0,0.3
2,Zprime_1500GeV_045,0.6034487204280281,1500.0,0.45
3,Zprime_1500GeV_060,0.6113657362642085,1500.0,0.6
4,Zprime_1500GeV_075,0.6323185647351797,1500.0,0.75
5,Zprime_2000GeV_015,0.6223930943793624,2000.0,0.15
6,Zprime_2000GeV_030,0.6396423476523196,2000.0,0.3
7,Zprime_2000GeV_045,0.6449155204077295,2000.0,0.45
8,Zprime_2000GeV_060,0.6604759449064226,2000.0,0.6
9,Zprime_2000GeV_075,0.6529502062332092,2000.0,0.75
10,Zprime_2500GeV_015,0.6143753398543201,2500.0,0.15
11,Zprime_2500GeV_030,0.6297083805442242,2500.0,0.3
12,Zprime_2500GeV_045,0.6535071298041103,2500.0,0.45
13,Zprime_2500GeV_060,0.6722461538807992,2500.0,0.6
14,Zprime_2500GeV_075,0.6699008086083829,2500.0,0.75
15,Zprime_3000GeV_015,0.6085726243287644,3000.0,0.15
16,Zprime_3000GeV_030,0.6284563612815196,3000.0,0.3
17,Zprime_3000GeV_045,0.6516591657331875,3000.0,0.45
18,Zprime_3000GeV_060,0.6654491973315022,3000.0,0.6
19,Zprime_3000GeV_075,0.6819324671742056,3000.0,0.75
20,Zprime_3500GeV_015,0.6046352895234197,3500.0,0.15
21,Zprime_3500GeV_030,0.6171472911327438,3500.0,0.3
22,Zprime_3500GeV_045,0.6556266646424374,3500.0,0.45
23,Zprime_3500GeV_060,0.6742426076528771,3500.0,0.6
24,Zprime_3500GeV_075,0.6876285531745192,3500.0,0.75
25,Zprime_4000GeV_015,0.5978875511847858,4000.0,0.15
26,Zprime_4000GeV_030,0.6314817784611805,4000.0,0.3
27,Zprime_4000GeV_045,0.651937642234012,4000.0,0.45
28,Zprime_4000GeV_060,0.6744619672151954,4000.0,0.6
29,Zprime_4000GeV_075,0.6959293392293486,4000.0,0.75
