,name,auc,mass,nu
0,Zprime_1500GeV_015,0.6585723801542791,1500.0,0.15
1,Zprime_1500GeV_030,0.6514849794679615,1500.0,0.3
2,Zprime_1500GeV_045,0.6429808869980018,1500.0,0.45
3,Zprime_1500GeV_060,0.6537430971873053,1500.0,0.6
4,Zprime_1500GeV_075,0.6408258608230109,1500.0,0.75
5,Zprime_2000GeV_015,0.667348820049688,2000.0,0.15
6,Zprime_2000GeV_030,0.6815311281702023,2000.0,0.3
7,Zprime_2000GeV_045,0.6899706171854033,2000.0,0.45
8,Zprime_2000GeV_060,0.7070292299648323,2000.0,0.6
9,Zprime_2000GeV_075,0.7068459392985257,2000.0,0.75
10,Zprime_2500GeV_015,0.6581743722132778,2500.0,0.15
11,Zprime_2500GeV_030,0.6818042556787545,2500.0,0.3
12,Zprime_2500GeV_045,0.6988215560142856,2500.0,0.45
13,Zprime_2500GeV_060,0.7141698243225785,2500.0,0.6
14,Zprime_2500GeV_075,0.7232293161387287,2500.0,0.75
15,Zprime_3000GeV_015,0.644266294740091,3000.0,0.15
16,Zprime_3000GeV_030,0.6723851015461522,3000.0,0.3
17,Zprime_3000GeV_045,0.6949986358738007,3000.0,0.45
18,Zprime_3000GeV_060,0.7176971718909889,3000.0,0.6
19,Zprime_3000GeV_075,0.727717420184449,3000.0,0.75
20,Zprime_3500GeV_015,0.6395188420744827,3500.0,0.15
21,Zprime_3500GeV_030,0.6578454091239581,3500.0,0.3
22,Zprime_3500GeV_045,0.697797987940172,3500.0,0.45
23,Zprime_3500GeV_060,0.7223886590069988,3500.0,0.6
24,Zprime_3500GeV_075,0.7345170147592321,3500.0,0.75
25,Zprime_4000GeV_015,0.6256155871317348,4000.0,0.15
26,Zprime_4000GeV_030,0.668779487116882,4000.0,0.3
27,Zprime_4000GeV_045,0.6981973397958381,4000.0,0.45
28,Zprime_4000GeV_060,0.7167541246536,4000.0,0.6
29,Zprime_4000GeV_075,0.7417388199820325,4000.0,0.75
