,name,auc,mass,nu
0,Zprime_1500GeV_015,0.5173897161520444,1500.0,0.15
1,Zprime_1500GeV_030,0.571262811835235,1500.0,0.3
2,Zprime_1500GeV_045,0.5663266292786695,1500.0,0.45
3,Zprime_1500GeV_060,0.6539665656760996,1500.0,0.6
4,Zprime_1500GeV_075,0.6227552782555887,1500.0,0.75
5,Zprime_2000GeV_015,0.6049848026055464,2000.0,0.15
6,Zprime_2000GeV_030,0.6052513693517453,2000.0,0.3
7,Zprime_2000GeV_045,0.6142747240589339,2000.0,0.45
8,Zprime_2000GeV_060,0.6261938732389323,2000.0,0.6
9,Zprime_2000GeV_075,0.6384982200299067,2000.0,0.75
10,Zprime_2500GeV_015,0.582547223454694,2500.0,0.15
11,Zprime_2500GeV_030,0.5982616730054363,2500.0,0.3
12,Zprime_2500GeV_045,0.6147712071445953,2500.0,0.45
13,Zprime_2500GeV_060,0.6436618027365132,2500.0,0.6
14,Zprime_2500GeV_075,0.6478758187801632,2500.0,0.75
15,Zprime_3000GeV_015,0.5840519876779788,3000.0,0.15
16,Zprime_3000GeV_030,0.5947850822707875,3000.0,0.3
17,Zprime_3000GeV_045,0.6311916622428224,3000.0,0.45
18,Zprime_3000GeV_060,0.6409312732106855,3000.0,0.6
19,Zprime_3000GeV_075,0.6585701156186949,3000.0,0.75
20,Zprime_3500GeV_015,0.5775526743815612,3500.0,0.15
21,Zprime_3500GeV_030,0.5970864934227125,3500.0,0.3
22,Zprime_3500GeV_045,0.6219890543013566,3500.0,0.45
23,Zprime_3500GeV_060,0.6459990955627957,3500.0,0.6
24,Zprime_3500GeV_075,0.6567057552443037,3500.0,0.75
25,Zprime_4000GeV_015,0.5764514963896128,4000.0,0.15
26,Zprime_4000GeV_030,0.5973819708392859,4000.0,0.3
27,Zprime_4000GeV_045,0.6242795336986323,4000.0,0.45
28,Zprime_4000GeV_060,0.6436335194717182,4000.0,0.6
29,Zprime_4000GeV_075,0.6605006223068494,4000.0,0.75
