,name,auc,mass,nu
0,Zprime_1500GeV_015,0.6299984958851716,1500.0,0.15
1,Zprime_1500GeV_030,0.6356717382631132,1500.0,0.3
2,Zprime_1500GeV_045,0.620589989041449,1500.0,0.45
3,Zprime_1500GeV_060,0.6495111626807624,1500.0,0.6
4,Zprime_1500GeV_075,0.6327621655182241,1500.0,0.75
5,Zprime_2000GeV_015,0.6704785121684349,2000.0,0.15
6,Zprime_2000GeV_030,0.6795033758502687,2000.0,0.3
7,Zprime_2000GeV_045,0.6758493677002998,2000.0,0.45
8,Zprime_2000GeV_060,0.6953089523482099,2000.0,0.6
9,Zprime_2000GeV_075,0.6730063063872826,2000.0,0.75
10,Zprime_2500GeV_015,0.6631243597480232,2500.0,0.15
11,Zprime_2500GeV_030,0.6797809111820914,2500.0,0.3
12,Zprime_2500GeV_045,0.6933297254565689,2500.0,0.45
13,Zprime_2500GeV_060,0.7017402927591085,2500.0,0.6
14,Zprime_2500GeV_075,0.6996945706175663,2500.0,0.75
15,Zprime_3000GeV_015,0.6517254345817487,3000.0,0.15
16,Zprime_3000GeV_030,0.6695064477302655,3000.0,0.3
17,Zprime_3000GeV_045,0.6847808353203659,3000.0,0.45
18,Zprime_3000GeV_060,0.6974476882630022,3000.0,0.6
19,Zprime_3000GeV_075,0.7084378590205651,3000.0,0.75
20,Zprime_3500GeV_015,0.645076079249101,3500.0,0.15
21,Zprime_3500GeV_030,0.6536179980547988,3500.0,0.3
22,Zprime_3500GeV_045,0.6872078949762365,3500.0,0.45
23,Zprime_3500GeV_060,0.7006324417393341,3500.0,0.6
24,Zprime_3500GeV_075,0.7140274199634316,3500.0,0.75
25,Zprime_4000GeV_015,0.6234919202430322,4000.0,0.15
26,Zprime_4000GeV_030,0.66052859724907,4000.0,0.3
27,Zprime_4000GeV_045,0.6872445525289729,4000.0,0.45
28,Zprime_4000GeV_060,0.6995786752812032,4000.0,0.6
29,Zprime_4000GeV_075,0.7213044103478214,4000.0,0.75
