,name,auc,mass,nu
0,Zprime_1500GeV_015,0.5332903586239497,1500.0,0.15
1,Zprime_1500GeV_030,0.569071972765649,1500.0,0.3
2,Zprime_1500GeV_045,0.5668721394959066,1500.0,0.45
3,Zprime_1500GeV_060,0.6255785470250758,1500.0,0.6
4,Zprime_1500GeV_075,0.6274991772604981,1500.0,0.75
5,Zprime_2000GeV_015,0.6068412427276105,2000.0,0.15
6,Zprime_2000GeV_030,0.6065660684773967,2000.0,0.3
7,Zprime_2000GeV_045,0.6159740537906209,2000.0,0.45
8,Zprime_2000GeV_060,0.6297228847489919,2000.0,0.6
9,Zprime_2000GeV_075,0.6326474932882281,2000.0,0.75
10,Zprime_2500GeV_015,0.57943817705277,2500.0,0.15
11,Zprime_2500GeV_030,0.5875338948599219,2500.0,0.3
12,Zprime_2500GeV_045,0.6131124645646038,2500.0,0.45
13,Zprime_2500GeV_060,0.6431144733660485,2500.0,0.6
14,Zprime_2500GeV_075,0.6493427733287844,2500.0,0.75
15,Zprime_3000GeV_015,0.5695533950997111,3000.0,0.15
16,Zprime_3000GeV_030,0.5855819581665931,3000.0,0.3
17,Zprime_3000GeV_045,0.6291807557122989,3000.0,0.45
18,Zprime_3000GeV_060,0.6406016530080432,3000.0,0.6
19,Zprime_3000GeV_075,0.664796301807524,3000.0,0.75
20,Zprime_3500GeV_015,0.5608669493655158,3500.0,0.15
21,Zprime_3500GeV_030,0.5863062916823354,3500.0,0.3
22,Zprime_3500GeV_045,0.6170326244313632,3500.0,0.45
23,Zprime_3500GeV_060,0.6530530906607264,3500.0,0.6
24,Zprime_3500GeV_075,0.6657042516627883,3500.0,0.75
25,Zprime_4000GeV_015,0.5689003190453586,4000.0,0.15
26,Zprime_4000GeV_030,0.5909266777778179,4000.0,0.3
27,Zprime_4000GeV_045,0.6214314318487104,4000.0,0.45
28,Zprime_4000GeV_060,0.6543649668387771,4000.0,0.6
29,Zprime_4000GeV_075,0.6757831116722257,4000.0,0.75
