,name,auc,mass,nu
0,Zprime_1500GeV_015,0.5930595844345603,1500.0,0.15
1,Zprime_1500GeV_030,0.5832248802660716,1500.0,0.3
2,Zprime_1500GeV_045,0.5821955779024045,1500.0,0.45
3,Zprime_1500GeV_060,0.6546326736715443,1500.0,0.6
4,Zprime_1500GeV_075,0.6076736998171313,1500.0,0.75
5,Zprime_2000GeV_015,0.5873437405063622,2000.0,0.15
6,Zprime_2000GeV_030,0.5869815708564206,2000.0,0.3
7,Zprime_2000GeV_045,0.5963384976133035,2000.0,0.45
8,Zprime_2000GeV_060,0.6142105187763668,2000.0,0.6
9,Zprime_2000GeV_075,0.6156042002028286,2000.0,0.75
10,Zprime_2500GeV_015,0.5773099858616164,2500.0,0.15
11,Zprime_2500GeV_030,0.594837035719915,2500.0,0.3
12,Zprime_2500GeV_045,0.6103268226648617,2500.0,0.45
13,Zprime_2500GeV_060,0.6297999255167591,2500.0,0.6
14,Zprime_2500GeV_075,0.635877075113509,2500.0,0.75
15,Zprime_3000GeV_015,0.5771763271859965,3000.0,0.15
16,Zprime_3000GeV_030,0.5991767544621578,3000.0,0.3
17,Zprime_3000GeV_045,0.6226981162663703,3000.0,0.45
18,Zprime_3000GeV_060,0.6337814122287238,3000.0,0.6
19,Zprime_3000GeV_075,0.6583573650738875,3000.0,0.75
20,Zprime_3500GeV_015,0.5889366748972578,3500.0,0.15
21,Zprime_3500GeV_030,0.5960556242288125,3500.0,0.3
22,Zprime_3500GeV_045,0.6201132684816855,3500.0,0.45
23,Zprime_3500GeV_060,0.6491523730650924,3500.0,0.6
24,Zprime_3500GeV_075,0.6539649304694836,3500.0,0.75
25,Zprime_4000GeV_015,0.5928984385762572,4000.0,0.15
26,Zprime_4000GeV_030,0.6111852918101456,4000.0,0.3
27,Zprime_4000GeV_045,0.6304943070176621,4000.0,0.45
28,Zprime_4000GeV_060,0.64674160966116,4000.0,0.6
29,Zprime_4000GeV_075,0.6643069670555735,4000.0,0.75
