,name,auc,mass,nu
0,Zprime_1500GeV_015,0.5308343539826812,1500.0,0.15
1,Zprime_1500GeV_030,0.5281899575073042,1500.0,0.3
2,Zprime_1500GeV_045,0.5179945851866177,1500.0,0.45
3,Zprime_1500GeV_060,0.6044532542598681,1500.0,0.6
4,Zprime_1500GeV_075,0.5457901183048512,1500.0,0.75
5,Zprime_2000GeV_015,0.559096565013526,2000.0,0.15
6,Zprime_2000GeV_030,0.5600380045908201,2000.0,0.3
7,Zprime_2000GeV_045,0.5738711823942674,2000.0,0.45
8,Zprime_2000GeV_060,0.590130643116526,2000.0,0.6
9,Zprime_2000GeV_075,0.5893959450637948,2000.0,0.75
10,Zprime_2500GeV_015,0.5621825922914244,2500.0,0.15
11,Zprime_2500GeV_030,0.5712831815590619,2500.0,0.3
12,Zprime_2500GeV_045,0.5916195506444457,2500.0,0.45
13,Zprime_2500GeV_060,0.6041711881596981,2500.0,0.6
14,Zprime_2500GeV_075,0.6079243871443691,2500.0,0.75
15,Zprime_3000GeV_015,0.5708539660773272,3000.0,0.15
16,Zprime_3000GeV_030,0.5826332931437378,3000.0,0.3
17,Zprime_3000GeV_045,0.6000730116211532,3000.0,0.45
18,Zprime_3000GeV_060,0.6079997711017725,3000.0,0.6
19,Zprime_3000GeV_075,0.6284695161986991,3000.0,0.75
20,Zprime_3500GeV_015,0.5782627847424834,3500.0,0.15
21,Zprime_3500GeV_030,0.5846044254008143,3500.0,0.3
22,Zprime_3500GeV_045,0.6057636515490074,3500.0,0.45
23,Zprime_3500GeV_060,0.6263412661038291,3500.0,0.6
24,Zprime_3500GeV_075,0.634777815161302,3500.0,0.75
25,Zprime_4000GeV_015,0.5761466271038888,4000.0,0.15
26,Zprime_4000GeV_030,0.5982656652757843,4000.0,0.3
27,Zprime_4000GeV_045,0.6096173394663885,4000.0,0.45
28,Zprime_4000GeV_060,0.6192517958362851,4000.0,0.6
29,Zprime_4000GeV_075,0.6412226707258364,4000.0,0.75
