,name,auc,mass,nu
0,Zprime_1500GeV_015,0.6015449408023379,1500.0,0.15
1,Zprime_1500GeV_030,0.5828398500995677,1500.0,0.3
2,Zprime_1500GeV_045,0.5775164378263392,1500.0,0.45
3,Zprime_1500GeV_060,0.6351017426244655,1500.0,0.6
4,Zprime_1500GeV_075,0.5894529884952179,1500.0,0.75
5,Zprime_2000GeV_015,0.6048030296833499,2000.0,0.15
6,Zprime_2000GeV_030,0.6032072095680387,2000.0,0.3
7,Zprime_2000GeV_045,0.6099402217220697,2000.0,0.45
8,Zprime_2000GeV_060,0.6343838501042137,2000.0,0.6
9,Zprime_2000GeV_075,0.6428321589434759,2000.0,0.75
10,Zprime_2500GeV_015,0.593555701935848,2500.0,0.15
11,Zprime_2500GeV_030,0.610431699703114,2500.0,0.3
12,Zprime_2500GeV_045,0.6286178396513653,2500.0,0.45
13,Zprime_2500GeV_060,0.6563107586621953,2500.0,0.6
14,Zprime_2500GeV_075,0.6632812627733038,2500.0,0.75
15,Zprime_3000GeV_015,0.5948885978329026,3000.0,0.15
16,Zprime_3000GeV_030,0.6161393629572458,3000.0,0.3
17,Zprime_3000GeV_045,0.6434318955006559,3000.0,0.45
18,Zprime_3000GeV_060,0.6662530431305249,3000.0,0.6
19,Zprime_3000GeV_075,0.6844943517207189,3000.0,0.75
20,Zprime_3500GeV_015,0.6013965846316834,3500.0,0.15
21,Zprime_3500GeV_030,0.6177384193532125,3500.0,0.3
22,Zprime_3500GeV_045,0.6471774150631979,3500.0,0.45
23,Zprime_3500GeV_060,0.6775640278062771,3500.0,0.6
24,Zprime_3500GeV_075,0.687939534893563,3500.0,0.75
25,Zprime_4000GeV_015,0.6118937717274596,4000.0,0.15
26,Zprime_4000GeV_030,0.6356917431494723,4000.0,0.3
27,Zprime_4000GeV_045,0.6562656551659867,4000.0,0.45
28,Zprime_4000GeV_060,0.6808249073399579,4000.0,0.6
29,Zprime_4000GeV_075,0.7002776180598989,4000.0,0.75
