,name,auc,mass,nu
0,Zprime_1500GeV_015,0.5628483637379402,1500.0,0.15
1,Zprime_1500GeV_030,0.5802657230814261,1500.0,0.3
2,Zprime_1500GeV_045,0.5568499000838008,1500.0,0.45
3,Zprime_1500GeV_060,0.6339274586905606,1500.0,0.6
4,Zprime_1500GeV_075,0.5603280101239367,1500.0,0.75
5,Zprime_2000GeV_015,0.5738290078951722,2000.0,0.15
6,Zprime_2000GeV_030,0.5807503547749105,2000.0,0.3
7,Zprime_2000GeV_045,0.5899439522925864,2000.0,0.45
8,Zprime_2000GeV_060,0.6092008852790133,2000.0,0.6
9,Zprime_2000GeV_075,0.6146157062273078,2000.0,0.75
10,Zprime_2500GeV_015,0.5691804985502693,2500.0,0.15
11,Zprime_2500GeV_030,0.5895450896275058,2500.0,0.3
12,Zprime_2500GeV_045,0.6022476085323787,2500.0,0.45
13,Zprime_2500GeV_060,0.6237572051838759,2500.0,0.6
14,Zprime_2500GeV_075,0.6284695091833448,2500.0,0.75
15,Zprime_3000GeV_015,0.5757001947535694,3000.0,0.15
16,Zprime_3000GeV_030,0.591198610839644,3000.0,0.3
17,Zprime_3000GeV_045,0.6174076024577089,3000.0,0.45
18,Zprime_3000GeV_060,0.6266458573859822,3000.0,0.6
19,Zprime_3000GeV_075,0.6484532707292178,3000.0,0.75
20,Zprime_3500GeV_015,0.58404377067574,3500.0,0.15
21,Zprime_3500GeV_030,0.5992762007168724,3500.0,0.3
22,Zprime_3500GeV_045,0.6184151850934789,3500.0,0.45
23,Zprime_3500GeV_060,0.6417711468785353,3500.0,0.6
24,Zprime_3500GeV_075,0.6480586519108925,3500.0,0.75
25,Zprime_4000GeV_015,0.5928937411242575,4000.0,0.15
26,Zprime_4000GeV_030,0.6106937570109431,4000.0,0.3
27,Zprime_4000GeV_045,0.628227095080639,4000.0,0.45
28,Zprime_4000GeV_060,0.6433654174052249,4000.0,0.6
29,Zprime_4000GeV_075,0.6598975247214172,4000.0,0.75
