,name,auc,mass,nu
0,Zprime_1500GeV_015,0.6053739874084102,1500.0,0.15
1,Zprime_1500GeV_030,0.6205484153656654,1500.0,0.3
2,Zprime_1500GeV_045,0.6278516405595307,1500.0,0.45
3,Zprime_1500GeV_060,0.6424547153999871,1500.0,0.6
4,Zprime_1500GeV_075,0.6450125022476904,1500.0,0.75
5,Zprime_2000GeV_015,0.6345671675352216,2000.0,0.15
6,Zprime_2000GeV_030,0.6551426713639893,2000.0,0.3
7,Zprime_2000GeV_045,0.6570545042752979,2000.0,0.45
8,Zprime_2000GeV_060,0.6735197003230265,2000.0,0.6
9,Zprime_2000GeV_075,0.6704602818354074,2000.0,0.75
10,Zprime_2500GeV_015,0.6240296711891076,2500.0,0.15
11,Zprime_2500GeV_030,0.6455434433211894,2500.0,0.3
12,Zprime_2500GeV_045,0.6656187833460008,2500.0,0.45
13,Zprime_2500GeV_060,0.6776025573142346,2500.0,0.6
14,Zprime_2500GeV_075,0.6957905022490387,2500.0,0.75
15,Zprime_3000GeV_015,0.6156128095888297,3000.0,0.15
16,Zprime_3000GeV_030,0.6364117045397107,3000.0,0.3
17,Zprime_3000GeV_045,0.663935878979212,3000.0,0.45
18,Zprime_3000GeV_060,0.6817033598631397,3000.0,0.6
19,Zprime_3000GeV_075,0.6996058485748801,3000.0,0.75
20,Zprime_3500GeV_015,0.616163769143598,3500.0,0.15
21,Zprime_3500GeV_030,0.6282803702908029,3500.0,0.3
22,Zprime_3500GeV_045,0.6668554541633556,3500.0,0.45
23,Zprime_3500GeV_060,0.6873205826386439,3500.0,0.6
24,Zprime_3500GeV_075,0.7047461730100899,3500.0,0.75
25,Zprime_4000GeV_015,0.6040407017007289,4000.0,0.15
26,Zprime_4000GeV_030,0.6406327094940782,4000.0,0.3
27,Zprime_4000GeV_045,0.6678780380533739,4000.0,0.45
28,Zprime_4000GeV_060,0.6879502366225353,4000.0,0.6
29,Zprime_4000GeV_075,0.7109116811512277,4000.0,0.75
