,name,auc,mass,nu
0,Zprime_1500GeV_015,0.5883130277831496,1500.0,0.15
1,Zprime_1500GeV_030,0.6326367945977307,1500.0,0.3
2,Zprime_1500GeV_045,0.622179784696706,1500.0,0.45
3,Zprime_1500GeV_060,0.6297922172801307,1500.0,0.6
4,Zprime_1500GeV_075,0.6404814976912403,1500.0,0.75
5,Zprime_2000GeV_015,0.6482634206062161,2000.0,0.15
6,Zprime_2000GeV_030,0.6595353172701344,2000.0,0.3
7,Zprime_2000GeV_045,0.6657496823757516,2000.0,0.45
8,Zprime_2000GeV_060,0.6825982509293281,2000.0,0.6
9,Zprime_2000GeV_075,0.675244774260207,2000.0,0.75
10,Zprime_2500GeV_015,0.6318340189500716,2500.0,0.15
11,Zprime_2500GeV_030,0.6543491487474388,2500.0,0.3
12,Zprime_2500GeV_045,0.6768616981406442,2500.0,0.45
13,Zprime_2500GeV_060,0.6881313024686718,2500.0,0.6
14,Zprime_2500GeV_075,0.694454919095944,2500.0,0.75
15,Zprime_3000GeV_015,0.624672903859715,3000.0,0.15
16,Zprime_3000GeV_030,0.643693847633647,3000.0,0.3
17,Zprime_3000GeV_045,0.669765705045727,3000.0,0.45
18,Zprime_3000GeV_060,0.6862093594671033,3000.0,0.6
19,Zprime_3000GeV_075,0.6978245533042726,3000.0,0.75
20,Zprime_3500GeV_015,0.623584380374758,3500.0,0.15
21,Zprime_3500GeV_030,0.6352135241163921,3500.0,0.3
22,Zprime_3500GeV_045,0.6688844428138152,3500.0,0.45
23,Zprime_3500GeV_060,0.6887559707371754,3500.0,0.6
24,Zprime_3500GeV_075,0.7030619015937303,3500.0,0.75
25,Zprime_4000GeV_015,0.6133825384453889,4000.0,0.15
26,Zprime_4000GeV_030,0.641480959043838,4000.0,0.3
27,Zprime_4000GeV_045,0.666777272563751,4000.0,0.45
28,Zprime_4000GeV_060,0.6869855267636137,4000.0,0.6
29,Zprime_4000GeV_075,0.7072772280536316,4000.0,0.75
