,name,auc,mass,nu
0,Zprime_1500GeV_015,0.6207890156642816,1500.0,0.15
1,Zprime_1500GeV_030,0.6207052149809837,1500.0,0.3
2,Zprime_1500GeV_045,0.6108054534906208,1500.0,0.45
3,Zprime_1500GeV_060,0.6496100045123445,1500.0,0.6
4,Zprime_1500GeV_075,0.6260750745554661,1500.0,0.75
5,Zprime_2000GeV_015,0.6114933672238848,2000.0,0.15
6,Zprime_2000GeV_030,0.6257225706910613,2000.0,0.3
7,Zprime_2000GeV_045,0.6344658655083611,2000.0,0.45
8,Zprime_2000GeV_060,0.6564433414269036,2000.0,0.6
9,Zprime_2000GeV_075,0.6642721506632783,2000.0,0.75
10,Zprime_2500GeV_015,0.6130385564136814,2500.0,0.15
11,Zprime_2500GeV_030,0.6264349118463248,2500.0,0.3
12,Zprime_2500GeV_045,0.6479303804710927,2500.0,0.45
13,Zprime_2500GeV_060,0.6594792168957039,2500.0,0.6
14,Zprime_2500GeV_075,0.6793722540488477,2500.0,0.75
15,Zprime_3000GeV_015,0.6038741700509249,3000.0,0.15
16,Zprime_3000GeV_030,0.62607994802552,3000.0,0.3
17,Zprime_3000GeV_045,0.6462458547441989,3000.0,0.45
18,Zprime_3000GeV_060,0.6680676550592491,3000.0,0.6
19,Zprime_3000GeV_075,0.6815141392583878,3000.0,0.75
20,Zprime_3500GeV_015,0.6096194215790963,3500.0,0.15
21,Zprime_3500GeV_030,0.6216384358569801,3500.0,0.3
22,Zprime_3500GeV_045,0.6616679649446862,3500.0,0.45
23,Zprime_3500GeV_060,0.6761669232847309,3500.0,0.6
24,Zprime_3500GeV_075,0.6935155292415458,3500.0,0.75
25,Zprime_4000GeV_015,0.6101875734441969,4000.0,0.15
26,Zprime_4000GeV_030,0.6439889911372523,4000.0,0.3
27,Zprime_4000GeV_045,0.6646295992733721,4000.0,0.45
28,Zprime_4000GeV_060,0.6791738100987672,4000.0,0.6
29,Zprime_4000GeV_075,0.7003704736150735,4000.0,0.75
