,name,auc,mass,nu
0,Zprime_1500GeV_015,0.5310062528202153,1500.0,0.15
1,Zprime_1500GeV_030,0.5495713272738993,1500.0,0.3
2,Zprime_1500GeV_045,0.5404314123638239,1500.0,0.45
3,Zprime_1500GeV_060,0.6698822492962891,1500.0,0.6
4,Zprime_1500GeV_075,0.6066270394609614,1500.0,0.75
5,Zprime_2000GeV_015,0.5604761036772157,2000.0,0.15
6,Zprime_2000GeV_030,0.5715120184380188,2000.0,0.3
7,Zprime_2000GeV_045,0.576884212417588,2000.0,0.45
8,Zprime_2000GeV_060,0.5980834712105259,2000.0,0.6
9,Zprime_2000GeV_075,0.6103445270345725,2000.0,0.75
10,Zprime_2500GeV_015,0.5597277637222371,2500.0,0.15
11,Zprime_2500GeV_030,0.5762965851978661,2500.0,0.3
12,Zprime_2500GeV_045,0.5915752954386343,2500.0,0.45
13,Zprime_2500GeV_060,0.6256232974907368,2500.0,0.6
14,Zprime_2500GeV_075,0.6292877295992406,2500.0,0.75
15,Zprime_3000GeV_015,0.5706138448886467,3000.0,0.15
16,Zprime_3000GeV_030,0.5838597399792399,3000.0,0.3
17,Zprime_3000GeV_045,0.6150796439834851,3000.0,0.45
18,Zprime_3000GeV_060,0.6273766043623448,3000.0,0.6
19,Zprime_3000GeV_075,0.6503771288081994,3000.0,0.75
20,Zprime_3500GeV_015,0.5755124500535782,3500.0,0.15
21,Zprime_3500GeV_030,0.5883745009274279,3500.0,0.3
22,Zprime_3500GeV_045,0.6135135178554897,3500.0,0.45
23,Zprime_3500GeV_060,0.639463306569275,3500.0,0.6
24,Zprime_3500GeV_075,0.6491208566672845,3500.0,0.75
25,Zprime_4000GeV_015,0.5641810541249721,4000.0,0.15
26,Zprime_4000GeV_030,0.5953577048027752,4000.0,0.3
27,Zprime_4000GeV_045,0.6182036794361105,4000.0,0.45
28,Zprime_4000GeV_060,0.637880180052899,4000.0,0.6
29,Zprime_4000GeV_075,0.6613779962732734,4000.0,0.75
