,name,auc,mass,nu
0,Zprime_1500GeV_015,0.4701153870946948,1500.0,0.15
1,Zprime_1500GeV_030,0.5260113139633542,1500.0,0.3
2,Zprime_1500GeV_045,0.5082849867852769,1500.0,0.45
3,Zprime_1500GeV_060,0.5761275489374502,1500.0,0.6
4,Zprime_1500GeV_075,0.5299994571615656,1500.0,0.75
5,Zprime_2000GeV_015,0.4954463358365821,2000.0,0.15
6,Zprime_2000GeV_030,0.49610033707119877,2000.0,0.3
7,Zprime_2000GeV_045,0.5113944698863868,2000.0,0.45
8,Zprime_2000GeV_060,0.5249759699750031,2000.0,0.6
9,Zprime_2000GeV_075,0.5375698074218533,2000.0,0.75
10,Zprime_2500GeV_015,0.4865247103284537,2500.0,0.15
11,Zprime_2500GeV_030,0.4997404212184888,2500.0,0.3
12,Zprime_2500GeV_045,0.5288474920009575,2500.0,0.45
13,Zprime_2500GeV_060,0.5484059784201277,2500.0,0.6
14,Zprime_2500GeV_075,0.5598492774885663,2500.0,0.75
15,Zprime_3000GeV_015,0.5026091997132415,3000.0,0.15
16,Zprime_3000GeV_030,0.5133064133773331,3000.0,0.3
17,Zprime_3000GeV_045,0.543751595412611,3000.0,0.45
18,Zprime_3000GeV_060,0.556459528245771,3000.0,0.6
19,Zprime_3000GeV_075,0.5846002830926814,3000.0,0.75
20,Zprime_3500GeV_015,0.5115085804612681,3500.0,0.15
21,Zprime_3500GeV_030,0.5251493258167854,3500.0,0.3
22,Zprime_3500GeV_045,0.549736759823386,3500.0,0.45
23,Zprime_3500GeV_060,0.5752989735769507,3500.0,0.6
24,Zprime_3500GeV_075,0.5853788426215736,3500.0,0.75
25,Zprime_4000GeV_015,0.5294225138549253,4000.0,0.15
26,Zprime_4000GeV_030,0.5439848616807803,4000.0,0.3
27,Zprime_4000GeV_045,0.5593960980705156,4000.0,0.45
28,Zprime_4000GeV_060,0.581035811849597,4000.0,0.6
29,Zprime_4000GeV_075,0.6014808164993564,4000.0,0.75
