,name,auc,mass,nu
0,Zprime_1500GeV_015,0.5595479060572853,1500.0,0.15
1,Zprime_1500GeV_030,0.5626675795888715,1500.0,0.3
2,Zprime_1500GeV_045,0.551616386256688,1500.0,0.45
3,Zprime_1500GeV_060,0.6631115838329142,1500.0,0.6
4,Zprime_1500GeV_075,0.5868762023023135,1500.0,0.75
5,Zprime_2000GeV_015,0.557023007234394,2000.0,0.15
6,Zprime_2000GeV_030,0.5657497872284769,2000.0,0.3
7,Zprime_2000GeV_045,0.5801108587489878,2000.0,0.45
8,Zprime_2000GeV_060,0.5979916485814765,2000.0,0.6
9,Zprime_2000GeV_075,0.6211932200435255,2000.0,0.75
10,Zprime_2500GeV_015,0.5654387031786011,2500.0,0.15
11,Zprime_2500GeV_030,0.5807254318417503,2500.0,0.3
12,Zprime_2500GeV_045,0.6011819544198239,2500.0,0.45
13,Zprime_2500GeV_060,0.6239256439943173,2500.0,0.6
14,Zprime_2500GeV_075,0.6341264458273415,2500.0,0.75
15,Zprime_3000GeV_015,0.5733026454840418,3000.0,0.15
16,Zprime_3000GeV_030,0.6015804821520875,3000.0,0.3
17,Zprime_3000GeV_045,0.6256889119005468,3000.0,0.45
18,Zprime_3000GeV_060,0.6442916960509458,3000.0,0.6
19,Zprime_3000GeV_075,0.6651341164766451,3000.0,0.75
20,Zprime_3500GeV_015,0.596544880077205,3500.0,0.15
21,Zprime_3500GeV_030,0.6151291848112587,3500.0,0.3
22,Zprime_3500GeV_045,0.6378121414799727,3500.0,0.45
23,Zprime_3500GeV_060,0.6634598512058096,3500.0,0.6
24,Zprime_3500GeV_075,0.6709985276947144,3500.0,0.75
25,Zprime_4000GeV_015,0.6171305470280524,4000.0,0.15
26,Zprime_4000GeV_030,0.6387470091498212,4000.0,0.3
27,Zprime_4000GeV_045,0.654105932240724,4000.0,0.45
28,Zprime_4000GeV_060,0.6697069380886964,4000.0,0.6
29,Zprime_4000GeV_075,0.6900188147302069,4000.0,0.75
