,name,auc,mass,nu
0,Zprime_1500GeV_015,0.6102967403682933,1500.0,0.15
1,Zprime_1500GeV_030,0.6402764202996267,1500.0,0.3
2,Zprime_1500GeV_045,0.6358820021917102,1500.0,0.45
3,Zprime_1500GeV_060,0.6314059176174822,1500.0,0.6
4,Zprime_1500GeV_075,0.6524069795451692,1500.0,0.75
5,Zprime_2000GeV_015,0.6463972186049972,2000.0,0.15
6,Zprime_2000GeV_030,0.6668226251568343,2000.0,0.3
7,Zprime_2000GeV_045,0.6706345124404925,2000.0,0.45
8,Zprime_2000GeV_060,0.685616006646755,2000.0,0.6
9,Zprime_2000GeV_075,0.6681617779908355,2000.0,0.75
10,Zprime_2500GeV_015,0.6321015198734548,2500.0,0.15
11,Zprime_2500GeV_030,0.6531993950083866,2500.0,0.3
12,Zprime_2500GeV_045,0.6746224534361528,2500.0,0.45
13,Zprime_2500GeV_060,0.687308707417388,2500.0,0.6
14,Zprime_2500GeV_075,0.693656068540982,2500.0,0.75
15,Zprime_3000GeV_015,0.6169200709473385,3000.0,0.15
16,Zprime_3000GeV_030,0.6371051173850737,3000.0,0.3
17,Zprime_3000GeV_045,0.6662326627917126,3000.0,0.45
18,Zprime_3000GeV_060,0.6816942406040751,3000.0,0.6
19,Zprime_3000GeV_075,0.6937306654016148,3000.0,0.75
20,Zprime_3500GeV_015,0.6199822122072465,3500.0,0.15
21,Zprime_3500GeV_030,0.6253007253892652,3500.0,0.3
22,Zprime_3500GeV_045,0.664188632466429,3500.0,0.45
23,Zprime_3500GeV_060,0.6830329204316695,3500.0,0.6
24,Zprime_3500GeV_075,0.6954730031688602,3500.0,0.75
25,Zprime_4000GeV_015,0.6016136073184999,4000.0,0.15
26,Zprime_4000GeV_030,0.636566743993398,4000.0,0.3
27,Zprime_4000GeV_045,0.6599038265008595,4000.0,0.45
28,Zprime_4000GeV_060,0.6781319628631711,4000.0,0.6
29,Zprime_4000GeV_075,0.6993823715011274,4000.0,0.75
