,name,auc,mass,nu
0,Zprime_1500GeV_015,0.653989127398526,1500.0,0.15
1,Zprime_1500GeV_030,0.6487540528345015,1500.0,0.3
2,Zprime_1500GeV_045,0.6555977244891381,1500.0,0.45
3,Zprime_1500GeV_060,0.676146887556673,1500.0,0.6
4,Zprime_1500GeV_075,0.6527437090114573,1500.0,0.75
5,Zprime_2000GeV_015,0.6730098684182844,2000.0,0.15
6,Zprime_2000GeV_030,0.6869450073197141,2000.0,0.3
7,Zprime_2000GeV_045,0.6906090087791845,2000.0,0.45
8,Zprime_2000GeV_060,0.7096045610491559,2000.0,0.6
9,Zprime_2000GeV_075,0.7043939975831266,2000.0,0.75
10,Zprime_2500GeV_015,0.6531504363726698,2500.0,0.15
11,Zprime_2500GeV_030,0.6799200381984597,2500.0,0.3
12,Zprime_2500GeV_045,0.6934382553367344,2500.0,0.45
13,Zprime_2500GeV_060,0.7087220058004597,2500.0,0.6
14,Zprime_2500GeV_075,0.722134866926452,2500.0,0.75
15,Zprime_3000GeV_015,0.6449629245461774,3000.0,0.15
16,Zprime_3000GeV_030,0.6641411453534439,3000.0,0.3
17,Zprime_3000GeV_045,0.6903898565162719,3000.0,0.45
18,Zprime_3000GeV_060,0.7092119908317189,3000.0,0.6
19,Zprime_3000GeV_075,0.7229721888010223,3000.0,0.75
20,Zprime_3500GeV_015,0.6381923249037507,3500.0,0.15
21,Zprime_3500GeV_030,0.647908452529606,3500.0,0.3
22,Zprime_3500GeV_045,0.6883488333470893,3500.0,0.45
23,Zprime_3500GeV_060,0.7098969443505396,3500.0,0.6
24,Zprime_3500GeV_075,0.7278065345333703,3500.0,0.75
25,Zprime_4000GeV_015,0.6200831514117146,4000.0,0.15
26,Zprime_4000GeV_030,0.6592550321797028,4000.0,0.3
27,Zprime_4000GeV_045,0.6873558026984425,4000.0,0.45
28,Zprime_4000GeV_060,0.7057540909195663,4000.0,0.6
29,Zprime_4000GeV_075,0.7291563640550045,4000.0,0.75
