,name,auc,mass,nu
0,Zprime_1500GeV_015,0.6274114183802831,1500.0,0.15
1,Zprime_1500GeV_030,0.6349835621736609,1500.0,0.3
2,Zprime_1500GeV_045,0.6214215496680203,1500.0,0.45
3,Zprime_1500GeV_060,0.6503029717011539,1500.0,0.6
4,Zprime_1500GeV_075,0.6467114169100957,1500.0,0.75
5,Zprime_2000GeV_015,0.6587415355671542,2000.0,0.15
6,Zprime_2000GeV_030,0.6685128858731855,2000.0,0.3
7,Zprime_2000GeV_045,0.6709954542815383,2000.0,0.45
8,Zprime_2000GeV_060,0.6850394292958594,2000.0,0.6
9,Zprime_2000GeV_075,0.6725071793488968,2000.0,0.75
10,Zprime_2500GeV_015,0.643871615977405,2500.0,0.15
11,Zprime_2500GeV_030,0.6630744568566365,2500.0,0.3
12,Zprime_2500GeV_045,0.6803028605165861,2500.0,0.45
13,Zprime_2500GeV_060,0.688807204100125,2500.0,0.6
14,Zprime_2500GeV_075,0.6952435640252529,2500.0,0.75
15,Zprime_3000GeV_015,0.6334735871575942,3000.0,0.15
16,Zprime_3000GeV_030,0.6498275769170146,3000.0,0.3
17,Zprime_3000GeV_045,0.6722829181305024,3000.0,0.45
18,Zprime_3000GeV_060,0.6863206723277482,3000.0,0.6
19,Zprime_3000GeV_075,0.6961597658161407,3000.0,0.75
20,Zprime_3500GeV_015,0.6278544315800587,3500.0,0.15
21,Zprime_3500GeV_030,0.6406630336192467,3500.0,0.3
22,Zprime_3500GeV_045,0.6736394939989032,3500.0,0.45
23,Zprime_3500GeV_060,0.6946782875529659,3500.0,0.6
24,Zprime_3500GeV_075,0.7056962788047753,3500.0,0.75
25,Zprime_4000GeV_015,0.6203989039030616,4000.0,0.15
26,Zprime_4000GeV_030,0.6524241111795809,4000.0,0.3
27,Zprime_4000GeV_045,0.6773129718185159,4000.0,0.45
28,Zprime_4000GeV_060,0.6926471997913166,4000.0,0.6
29,Zprime_4000GeV_075,0.7120229942003544,4000.0,0.75
