,name,auc,mass,nu
0,Zprime_1500GeV_015,0.8045660628719998,1500.0,0.15
1,Zprime_1500GeV_030,0.7659704763746534,1500.0,0.3
2,Zprime_1500GeV_045,0.7589618384580674,1500.0,0.45
3,Zprime_1500GeV_060,0.7576720599926943,1500.0,0.6
4,Zprime_1500GeV_075,0.7601001876185338,1500.0,0.75
5,Zprime_2000GeV_015,0.8474893204200502,2000.0,0.15
6,Zprime_2000GeV_030,0.8459763643769553,2000.0,0.3
7,Zprime_2000GeV_045,0.8338287997300823,2000.0,0.45
8,Zprime_2000GeV_060,0.8278796278390167,2000.0,0.6
9,Zprime_2000GeV_075,0.7997491653978535,2000.0,0.75
10,Zprime_2500GeV_015,0.8548968923182855,2500.0,0.15
11,Zprime_2500GeV_030,0.8499548477130605,2500.0,0.3
12,Zprime_2500GeV_045,0.8476472845730288,2500.0,0.45
13,Zprime_2500GeV_060,0.8382184810767247,2500.0,0.6
14,Zprime_2500GeV_075,0.8116403908254758,2500.0,0.75
15,Zprime_3000GeV_015,0.8441271152835648,3000.0,0.15
16,Zprime_3000GeV_030,0.8482976753461586,3000.0,0.3
17,Zprime_3000GeV_045,0.8417223455984499,3000.0,0.45
18,Zprime_3000GeV_060,0.8346472303893469,3000.0,0.6
19,Zprime_3000GeV_075,0.8222045241046303,3000.0,0.75
20,Zprime_3500GeV_015,0.832584919427091,3500.0,0.15
21,Zprime_3500GeV_030,0.8275382492374557,3500.0,0.3
22,Zprime_3500GeV_045,0.8236501071455897,3500.0,0.45
23,Zprime_3500GeV_060,0.8258171796813606,3500.0,0.6
24,Zprime_3500GeV_075,0.8092297856850555,3500.0,0.75
25,Zprime_4000GeV_015,0.8018339875814252,4000.0,0.15
26,Zprime_4000GeV_030,0.8113495036004883,4000.0,0.3
27,Zprime_4000GeV_045,0.8149844209713377,4000.0,0.45
28,Zprime_4000GeV_060,0.813776244493587,4000.0,0.6
29,Zprime_4000GeV_075,0.8043853606868078,4000.0,0.75
