,name,auc,mass,nu
0,Zprime_1500GeV_015,0.5153097402178818,1500.0,0.15
1,Zprime_1500GeV_030,0.536395804042294,1500.0,0.3
2,Zprime_1500GeV_045,0.5391768194417585,1500.0,0.45
3,Zprime_1500GeV_060,0.586028921979415,1500.0,0.6
4,Zprime_1500GeV_075,0.5574789565288196,1500.0,0.75
5,Zprime_2000GeV_015,0.5376832940081081,2000.0,0.15
6,Zprime_2000GeV_030,0.5301560425711209,2000.0,0.3
7,Zprime_2000GeV_045,0.539300486025676,2000.0,0.45
8,Zprime_2000GeV_060,0.5541077375964245,2000.0,0.6
9,Zprime_2000GeV_075,0.5597785773494833,2000.0,0.75
10,Zprime_2500GeV_015,0.5281255419223653,2500.0,0.15
11,Zprime_2500GeV_030,0.5359169425772798,2500.0,0.3
12,Zprime_2500GeV_045,0.5592966664118166,2500.0,0.45
13,Zprime_2500GeV_060,0.5782684518436009,2500.0,0.6
14,Zprime_2500GeV_075,0.5817684620549111,2500.0,0.75
15,Zprime_3000GeV_015,0.5350381107536396,3000.0,0.15
16,Zprime_3000GeV_030,0.5498129018779853,3000.0,0.3
17,Zprime_3000GeV_045,0.5682777206007564,3000.0,0.45
18,Zprime_3000GeV_060,0.5827606293890656,3000.0,0.6
19,Zprime_3000GeV_075,0.6058527565509734,3000.0,0.75
20,Zprime_3500GeV_015,0.5514662783995097,3500.0,0.15
21,Zprime_3500GeV_030,0.5586223310640961,3500.0,0.3
22,Zprime_3500GeV_045,0.5776109595951381,3500.0,0.45
23,Zprime_3500GeV_060,0.6023746889459369,3500.0,0.6
24,Zprime_3500GeV_075,0.6083075962478227,3500.0,0.75
25,Zprime_4000GeV_015,0.5602317062382813,4000.0,0.15
26,Zprime_4000GeV_030,0.5794138641160036,4000.0,0.3
27,Zprime_4000GeV_045,0.591293153233779,4000.0,0.45
28,Zprime_4000GeV_060,0.6053515370194278,4000.0,0.6
29,Zprime_4000GeV_075,0.6211959243590498,4000.0,0.75
