,name,auc,mass,nu
0,Zprime_1500GeV_015,0.5924901695352285,1500.0,0.15
1,Zprime_1500GeV_030,0.622393424172577,1500.0,0.3
2,Zprime_1500GeV_045,0.633474344098498,1500.0,0.45
3,Zprime_1500GeV_060,0.624419304239455,1500.0,0.6
4,Zprime_1500GeV_075,0.6153616491431635,1500.0,0.75
5,Zprime_2000GeV_015,0.6230377150201154,2000.0,0.15
6,Zprime_2000GeV_030,0.6311229034647893,2000.0,0.3
7,Zprime_2000GeV_045,0.6405333572894479,2000.0,0.45
8,Zprime_2000GeV_060,0.6566144523947658,2000.0,0.6
9,Zprime_2000GeV_075,0.6444753741296486,2000.0,0.75
10,Zprime_2500GeV_015,0.6033918806424415,2500.0,0.15
11,Zprime_2500GeV_030,0.6262542522249146,2500.0,0.3
12,Zprime_2500GeV_045,0.6447813899020425,2500.0,0.45
13,Zprime_2500GeV_060,0.655150054454962,2500.0,0.6
14,Zprime_2500GeV_075,0.6592690980840813,2500.0,0.75
15,Zprime_3000GeV_015,0.5953080407634652,3000.0,0.15
16,Zprime_3000GeV_030,0.6111984693796283,3000.0,0.3
17,Zprime_3000GeV_045,0.6385428963110562,3000.0,0.45
18,Zprime_3000GeV_060,0.6517178368075298,3000.0,0.6
19,Zprime_3000GeV_075,0.6689081065613247,3000.0,0.75
20,Zprime_3500GeV_015,0.5926806128940945,3500.0,0.15
21,Zprime_3500GeV_030,0.5979585801040983,3500.0,0.3
22,Zprime_3500GeV_045,0.6394016836045259,3500.0,0.45
23,Zprime_3500GeV_060,0.6552200001673061,3500.0,0.6
24,Zprime_3500GeV_075,0.6712452021825028,3500.0,0.75
25,Zprime_4000GeV_015,0.5819036103313806,4000.0,0.15
26,Zprime_4000GeV_030,0.6124729146036725,4000.0,0.3
27,Zprime_4000GeV_045,0.6365476117466946,4000.0,0.45
28,Zprime_4000GeV_060,0.655348898416805,4000.0,0.6
29,Zprime_4000GeV_075,0.679234354528848,4000.0,0.75
