,name,auc,mass,nu
0,Zprime_1500GeV_015,0.5354498377704721,1500.0,0.15
1,Zprime_1500GeV_030,0.5689822485413281,1500.0,0.3
2,Zprime_1500GeV_045,0.5554123960549217,1500.0,0.45
3,Zprime_1500GeV_060,0.6218300779990976,1500.0,0.6
4,Zprime_1500GeV_075,0.5629904630072571,1500.0,0.75
5,Zprime_2000GeV_015,0.5714573761852899,2000.0,0.15
6,Zprime_2000GeV_030,0.5692691590129644,2000.0,0.3
7,Zprime_2000GeV_045,0.5773059589006339,2000.0,0.45
8,Zprime_2000GeV_060,0.5960238366388048,2000.0,0.6
9,Zprime_2000GeV_075,0.5938093266619637,2000.0,0.75
10,Zprime_2500GeV_015,0.5564936764490346,2500.0,0.15
11,Zprime_2500GeV_030,0.5672006562728438,2500.0,0.3
12,Zprime_2500GeV_045,0.5928588525652654,2500.0,0.45
13,Zprime_2500GeV_060,0.6095926518313841,2500.0,0.6
14,Zprime_2500GeV_075,0.6166801370511387,2500.0,0.75
15,Zprime_3000GeV_015,0.5588307167595508,3000.0,0.15
16,Zprime_3000GeV_030,0.5726241919743522,3000.0,0.3
17,Zprime_3000GeV_045,0.602433529775957,3000.0,0.45
18,Zprime_3000GeV_060,0.6130487284954361,3000.0,0.6
19,Zprime_3000GeV_075,0.6402016118604023,3000.0,0.75
20,Zprime_3500GeV_015,0.5673757026598542,3500.0,0.15
21,Zprime_3500GeV_030,0.5817785712075939,3500.0,0.3
22,Zprime_3500GeV_045,0.603498161425459,3500.0,0.45
23,Zprime_3500GeV_060,0.6328268386573586,3500.0,0.6
24,Zprime_3500GeV_075,0.6388319319156737,3500.0,0.75
25,Zprime_4000GeV_015,0.5812250378098377,4000.0,0.15
26,Zprime_4000GeV_030,0.5987845062793172,4000.0,0.3
27,Zprime_4000GeV_045,0.6151512387634107,4000.0,0.45
28,Zprime_4000GeV_060,0.6324812149863277,4000.0,0.6
29,Zprime_4000GeV_075,0.6505452003034675,4000.0,0.75
