,name,auc,mass,nu
0,Zprime_1500GeV_015,0.5491458776510024,1500.0,0.15
1,Zprime_1500GeV_030,0.5446260416285557,1500.0,0.3
2,Zprime_1500GeV_045,0.5441597369947786,1500.0,0.45
3,Zprime_1500GeV_060,0.5679602054191109,1500.0,0.6
4,Zprime_1500GeV_075,0.5771585461429632,1500.0,0.75
5,Zprime_2000GeV_015,0.5635710401400055,2000.0,0.15
6,Zprime_2000GeV_030,0.5705995649277792,2000.0,0.3
7,Zprime_2000GeV_045,0.5616412201525784,2000.0,0.45
8,Zprime_2000GeV_060,0.5821335510718609,2000.0,0.6
9,Zprime_2000GeV_075,0.5780225898678346,2000.0,0.75
10,Zprime_2500GeV_015,0.538409404671203,2500.0,0.15
11,Zprime_2500GeV_030,0.5459345203871011,2500.0,0.3
12,Zprime_2500GeV_045,0.5719694897053084,2500.0,0.45
13,Zprime_2500GeV_060,0.5885058509879164,2500.0,0.6
14,Zprime_2500GeV_075,0.6069679742260048,2500.0,0.75
15,Zprime_3000GeV_015,0.5446579506142453,3000.0,0.15
16,Zprime_3000GeV_030,0.55904615811561,3000.0,0.3
17,Zprime_3000GeV_045,0.5796414012465827,3000.0,0.45
18,Zprime_3000GeV_060,0.5968596552784973,3000.0,0.6
19,Zprime_3000GeV_075,0.6209146845225297,3000.0,0.75
20,Zprime_3500GeV_015,0.5616273214517604,3500.0,0.15
21,Zprime_3500GeV_030,0.5728319331014424,3500.0,0.3
22,Zprime_3500GeV_045,0.6028532395601077,3500.0,0.45
23,Zprime_3500GeV_060,0.6230365273547968,3500.0,0.6
24,Zprime_3500GeV_075,0.6389184318511343,3500.0,0.75
25,Zprime_4000GeV_015,0.5840758330605557,4000.0,0.15
26,Zprime_4000GeV_030,0.6062963945359475,4000.0,0.3
27,Zprime_4000GeV_045,0.6189164884731138,4000.0,0.45
28,Zprime_4000GeV_060,0.6341361365313197,4000.0,0.6
29,Zprime_4000GeV_075,0.6528581595283016,4000.0,0.75
