,name,auc,mass,nu
0,Zprime_1500GeV_015,0.5116354025655903,1500.0,0.15
1,Zprime_1500GeV_030,0.5465816812751642,1500.0,0.3
2,Zprime_1500GeV_045,0.5117957519499775,1500.0,0.45
3,Zprime_1500GeV_060,0.5785513225466813,1500.0,0.6
4,Zprime_1500GeV_075,0.5501523340356306,1500.0,0.75
5,Zprime_2000GeV_015,0.5230068977774726,2000.0,0.15
6,Zprime_2000GeV_030,0.5192449623831158,2000.0,0.3
7,Zprime_2000GeV_045,0.5340777444495192,2000.0,0.45
8,Zprime_2000GeV_060,0.544906279321286,2000.0,0.6
9,Zprime_2000GeV_075,0.5535001084960093,2000.0,0.75
10,Zprime_2500GeV_015,0.5164586849761119,2500.0,0.15
11,Zprime_2500GeV_030,0.5204874355938175,2500.0,0.3
12,Zprime_2500GeV_045,0.5493664790770632,2500.0,0.45
13,Zprime_2500GeV_060,0.5688438658434665,2500.0,0.6
14,Zprime_2500GeV_075,0.5820599992897718,2500.0,0.75
15,Zprime_3000GeV_015,0.5243464425730913,3000.0,0.15
16,Zprime_3000GeV_030,0.5442731609004746,3000.0,0.3
17,Zprime_3000GeV_045,0.5710284149999139,3000.0,0.45
18,Zprime_3000GeV_060,0.5857317949674041,3000.0,0.6
19,Zprime_3000GeV_075,0.6106092784456227,3000.0,0.75
20,Zprime_3500GeV_015,0.5471584841885768,3500.0,0.15
21,Zprime_3500GeV_030,0.5612291313311638,3500.0,0.3
22,Zprime_3500GeV_045,0.5866722373135745,3500.0,0.45
23,Zprime_3500GeV_060,0.6122567479725205,3500.0,0.6
24,Zprime_3500GeV_075,0.6232298931390325,3500.0,0.75
25,Zprime_4000GeV_015,0.5754602875082473,4000.0,0.15
26,Zprime_4000GeV_030,0.5906367140957633,4000.0,0.3
27,Zprime_4000GeV_045,0.6065379438301046,4000.0,0.45
28,Zprime_4000GeV_060,0.6233023347625207,4000.0,0.6
29,Zprime_4000GeV_075,0.642971942617121,4000.0,0.75
