,name,auc,mass,nu
0,Zprime_1500GeV_015,0.8347923247169041,1500.0,0.15
1,Zprime_1500GeV_030,0.7886959672881159,1500.0,0.3
2,Zprime_1500GeV_045,0.7961765938245342,1500.0,0.45
3,Zprime_1500GeV_060,0.8054921678592148,1500.0,0.6
4,Zprime_1500GeV_075,0.8300635799516195,1500.0,0.75
5,Zprime_2000GeV_015,0.862281176117933,2000.0,0.15
6,Zprime_2000GeV_030,0.8569680221450546,2000.0,0.3
7,Zprime_2000GeV_045,0.8476115662315705,2000.0,0.45
8,Zprime_2000GeV_060,0.8484101506263564,2000.0,0.6
9,Zprime_2000GeV_075,0.824249402817991,2000.0,0.75
10,Zprime_2500GeV_015,0.8645076202259101,2500.0,0.15
11,Zprime_2500GeV_030,0.860472186782508,2500.0,0.3
12,Zprime_2500GeV_045,0.8606324865316761,2500.0,0.45
13,Zprime_2500GeV_060,0.8511113161323774,2500.0,0.6
14,Zprime_2500GeV_075,0.8307050723105026,2500.0,0.75
15,Zprime_3000GeV_015,0.853050374172981,3000.0,0.15
16,Zprime_3000GeV_030,0.856051495586016,3000.0,0.3
17,Zprime_3000GeV_045,0.8512193025242227,3000.0,0.45
18,Zprime_3000GeV_060,0.8490692420998267,3000.0,0.6
19,Zprime_3000GeV_075,0.8379006828732788,3000.0,0.75
20,Zprime_3500GeV_015,0.8501022050697079,3500.0,0.15
21,Zprime_3500GeV_030,0.8433845775929125,3500.0,0.3
22,Zprime_3500GeV_045,0.8396838708083844,3500.0,0.45
23,Zprime_3500GeV_060,0.8426248017545491,3500.0,0.6
24,Zprime_3500GeV_075,0.8314387473364239,3500.0,0.75
25,Zprime_4000GeV_015,0.8274411006957902,4000.0,0.15
26,Zprime_4000GeV_030,0.8345764708286965,4000.0,0.3
27,Zprime_4000GeV_045,0.8356891414297338,4000.0,0.45
28,Zprime_4000GeV_060,0.8362510099335039,4000.0,0.6
29,Zprime_4000GeV_075,0.8308974218839438,4000.0,0.75
