,name,auc,mass,nu
0,Zprime_1500GeV_015,0.554002019811341,1500.0,0.15
1,Zprime_1500GeV_030,0.607203025884132,1500.0,0.3
2,Zprime_1500GeV_045,0.6069441758525108,1500.0,0.45
3,Zprime_1500GeV_060,0.6156696534089687,1500.0,0.6
4,Zprime_1500GeV_075,0.610883232060038,1500.0,0.75
5,Zprime_2000GeV_015,0.6325501613318839,2000.0,0.15
6,Zprime_2000GeV_030,0.6445730532690208,2000.0,0.3
7,Zprime_2000GeV_045,0.6549100548476157,2000.0,0.45
8,Zprime_2000GeV_060,0.6697796113653781,2000.0,0.6
9,Zprime_2000GeV_075,0.6536204755121329,2000.0,0.75
10,Zprime_2500GeV_015,0.6119139652235486,2500.0,0.15
11,Zprime_2500GeV_030,0.6346001426818035,2500.0,0.3
12,Zprime_2500GeV_045,0.6575173322999415,2500.0,0.45
13,Zprime_2500GeV_060,0.6666423878324899,2500.0,0.6
14,Zprime_2500GeV_075,0.6760802628719234,2500.0,0.75
15,Zprime_3000GeV_015,0.6068215025911796,3000.0,0.15
16,Zprime_3000GeV_030,0.629689967373915,3000.0,0.3
17,Zprime_3000GeV_045,0.647790127294501,3000.0,0.45
18,Zprime_3000GeV_060,0.6664616039628343,3000.0,0.6
19,Zprime_3000GeV_075,0.6760884213652242,3000.0,0.75
20,Zprime_3500GeV_015,0.6048068613794695,3500.0,0.15
21,Zprime_3500GeV_030,0.610781292542035,3500.0,0.3
22,Zprime_3500GeV_045,0.6540810611459829,3500.0,0.45
23,Zprime_3500GeV_060,0.6711619606899508,3500.0,0.6
24,Zprime_3500GeV_075,0.6854067796234021,3500.0,0.75
25,Zprime_4000GeV_015,0.5942836753124898,4000.0,0.15
26,Zprime_4000GeV_030,0.6235206673053683,4000.0,0.3
27,Zprime_4000GeV_045,0.6495502473779595,4000.0,0.45
28,Zprime_4000GeV_060,0.6686193996076832,4000.0,0.6
29,Zprime_4000GeV_075,0.6904930744243635,4000.0,0.75
