,name,auc,mass,nu
0,Zprime_1500GeV_015,0.6406476288704097,1500.0,0.15
1,Zprime_1500GeV_030,0.6392868405051735,1500.0,0.3
2,Zprime_1500GeV_045,0.6253625991104235,1500.0,0.45
3,Zprime_1500GeV_060,0.6506123896087153,1500.0,0.6
4,Zprime_1500GeV_075,0.6564909905783604,1500.0,0.75
5,Zprime_2000GeV_015,0.668615844640703,2000.0,0.15
6,Zprime_2000GeV_030,0.6872690109370636,2000.0,0.3
7,Zprime_2000GeV_045,0.6810369637362029,2000.0,0.45
8,Zprime_2000GeV_060,0.7031113689593674,2000.0,0.6
9,Zprime_2000GeV_075,0.6907912536781964,2000.0,0.75
10,Zprime_2500GeV_015,0.6631981971036895,2500.0,0.15
11,Zprime_2500GeV_030,0.6866468060056724,2500.0,0.3
12,Zprime_2500GeV_045,0.7022024101316374,2500.0,0.45
13,Zprime_2500GeV_060,0.7068492983909537,2500.0,0.6
14,Zprime_2500GeV_075,0.713734751831988,2500.0,0.75
15,Zprime_3000GeV_015,0.6620587034530179,3000.0,0.15
16,Zprime_3000GeV_030,0.6806252337181105,3000.0,0.3
17,Zprime_3000GeV_045,0.6959317160350769,3000.0,0.45
18,Zprime_3000GeV_060,0.7181725554885201,3000.0,0.6
19,Zprime_3000GeV_075,0.7229341034298322,3000.0,0.75
20,Zprime_3500GeV_015,0.6643008154918222,3500.0,0.15
21,Zprime_3500GeV_030,0.6746903756412774,3500.0,0.3
22,Zprime_3500GeV_045,0.7068928421605194,3500.0,0.45
23,Zprime_3500GeV_060,0.7226567916689426,3500.0,0.6
24,Zprime_3500GeV_075,0.7288617460073906,3500.0,0.75
25,Zprime_4000GeV_015,0.6596702537526363,4000.0,0.15
26,Zprime_4000GeV_030,0.6885061735143042,4000.0,0.3
27,Zprime_4000GeV_045,0.7048609968398265,4000.0,0.45
28,Zprime_4000GeV_060,0.7194522962355824,4000.0,0.6
29,Zprime_4000GeV_075,0.7383941227844938,4000.0,0.75
