,name,auc,mass,nu
0,Zprime_1500GeV_015,0.5823395431788393,1500.0,0.15
1,Zprime_1500GeV_030,0.5882180769049846,1500.0,0.3
2,Zprime_1500GeV_045,0.571057339005995,1500.0,0.45
3,Zprime_1500GeV_060,0.6495154601517007,1500.0,0.6
4,Zprime_1500GeV_075,0.5953648383189651,1500.0,0.75
5,Zprime_2000GeV_015,0.5932754285591181,2000.0,0.15
6,Zprime_2000GeV_030,0.5982305513748637,2000.0,0.3
7,Zprime_2000GeV_045,0.6039239338500356,2000.0,0.45
8,Zprime_2000GeV_060,0.6181260877973314,2000.0,0.6
9,Zprime_2000GeV_075,0.6155597122994527,2000.0,0.75
10,Zprime_2500GeV_015,0.5821818644581365,2500.0,0.15
11,Zprime_2500GeV_030,0.5979866997600771,2500.0,0.3
12,Zprime_2500GeV_045,0.6106491642168584,2500.0,0.45
13,Zprime_2500GeV_060,0.6319955414208169,2500.0,0.6
14,Zprime_2500GeV_075,0.6354218313120467,2500.0,0.75
15,Zprime_3000GeV_015,0.580025062069154,3000.0,0.15
16,Zprime_3000GeV_030,0.5935934253985018,3000.0,0.3
17,Zprime_3000GeV_045,0.6186149398275036,3000.0,0.45
18,Zprime_3000GeV_060,0.6281958660516908,3000.0,0.6
19,Zprime_3000GeV_075,0.6486801102880296,3000.0,0.75
20,Zprime_3500GeV_015,0.5772965544559635,3500.0,0.15
21,Zprime_3500GeV_030,0.5880598940085902,3500.0,0.3
22,Zprime_3500GeV_045,0.611615180354212,3500.0,0.45
23,Zprime_3500GeV_060,0.6392456609895762,3500.0,0.6
24,Zprime_3500GeV_075,0.6429118025291115,3500.0,0.75
25,Zprime_4000GeV_015,0.5767467382242087,4000.0,0.15
26,Zprime_4000GeV_030,0.6002607060436468,4000.0,0.3
27,Zprime_4000GeV_045,0.6165784936375316,4000.0,0.45
28,Zprime_4000GeV_060,0.6317551316646008,4000.0,0.6
29,Zprime_4000GeV_075,0.6519061259873313,4000.0,0.75
