,name,auc,mass,nu
0,Zprime_1500GeV_015,0.5587829562302585,1500.0,0.15
1,Zprime_1500GeV_030,0.5786184560116102,1500.0,0.3
2,Zprime_1500GeV_045,0.563923000064462,1500.0,0.45
3,Zprime_1500GeV_060,0.6608586346934828,1500.0,0.6
4,Zprime_1500GeV_075,0.6050858872185298,1500.0,0.75
5,Zprime_2000GeV_015,0.6140953287893468,2000.0,0.15
6,Zprime_2000GeV_030,0.6118933559230827,2000.0,0.3
7,Zprime_2000GeV_045,0.6173951908557134,2000.0,0.45
8,Zprime_2000GeV_060,0.6255378643001928,2000.0,0.6
9,Zprime_2000GeV_075,0.6365666278986365,2000.0,0.75
10,Zprime_2500GeV_015,0.607179997721083,2500.0,0.15
11,Zprime_2500GeV_030,0.6165173079199937,2500.0,0.3
12,Zprime_2500GeV_045,0.6339949876997387,2500.0,0.45
13,Zprime_2500GeV_060,0.6530617580353089,2500.0,0.6
14,Zprime_2500GeV_075,0.6506241521129759,2500.0,0.75
15,Zprime_3000GeV_015,0.614900845625077,3000.0,0.15
16,Zprime_3000GeV_030,0.629053454807234,3000.0,0.3
17,Zprime_3000GeV_045,0.6528420892112712,3000.0,0.45
18,Zprime_3000GeV_060,0.6622698327962138,3000.0,0.6
19,Zprime_3000GeV_075,0.6761635949399466,3000.0,0.75
20,Zprime_3500GeV_015,0.6243897357709336,3500.0,0.15
21,Zprime_3500GeV_030,0.6364518305069246,3500.0,0.3
22,Zprime_3500GeV_045,0.653671696916645,3500.0,0.45
23,Zprime_3500GeV_060,0.6757618210385479,3500.0,0.6
24,Zprime_3500GeV_075,0.6798431977064925,3500.0,0.75
25,Zprime_4000GeV_015,0.6324323341341327,4000.0,0.15
26,Zprime_4000GeV_030,0.6495882427854048,4000.0,0.3
27,Zprime_4000GeV_045,0.6645394707904836,4000.0,0.45
28,Zprime_4000GeV_060,0.6806153221316302,4000.0,0.6
29,Zprime_4000GeV_075,0.6930096820295504,4000.0,0.75
