,name,auc,mass,nu
0,Zprime_1500GeV_015,0.5331958142633061,1500.0,0.15
1,Zprime_1500GeV_030,0.5186295365177593,1500.0,0.3
2,Zprime_1500GeV_045,0.5285309095597241,1500.0,0.45
3,Zprime_1500GeV_060,0.5857624787812372,1500.0,0.6
4,Zprime_1500GeV_075,0.547394036241251,1500.0,0.75
5,Zprime_2000GeV_015,0.5438937846956962,2000.0,0.15
6,Zprime_2000GeV_030,0.5445486581146995,2000.0,0.3
7,Zprime_2000GeV_045,0.5444016754650527,2000.0,0.45
8,Zprime_2000GeV_060,0.5600539332602763,2000.0,0.6
9,Zprime_2000GeV_075,0.5569789036546359,2000.0,0.75
10,Zprime_2500GeV_015,0.5222849571615744,2500.0,0.15
11,Zprime_2500GeV_030,0.5379789715229097,2500.0,0.3
12,Zprime_2500GeV_045,0.5542306789954112,2500.0,0.45
13,Zprime_2500GeV_060,0.5756232552666773,2500.0,0.6
14,Zprime_2500GeV_075,0.5771112601687864,2500.0,0.75
15,Zprime_3000GeV_015,0.5260131776086137,3000.0,0.15
16,Zprime_3000GeV_030,0.5424763886845098,3000.0,0.3
17,Zprime_3000GeV_045,0.5657885600165525,3000.0,0.45
18,Zprime_3000GeV_060,0.575274296697651,3000.0,0.6
19,Zprime_3000GeV_075,0.5989091886490668,3000.0,0.75
20,Zprime_3500GeV_015,0.5321146266291853,3500.0,0.15
21,Zprime_3500GeV_030,0.543419390805146,3500.0,0.3
22,Zprime_3500GeV_045,0.567912150054833,3500.0,0.45
23,Zprime_3500GeV_060,0.5948755365482681,3500.0,0.6
24,Zprime_3500GeV_075,0.5977580620546201,3500.0,0.75
25,Zprime_4000GeV_015,0.5374969687481774,4000.0,0.15
26,Zprime_4000GeV_030,0.5577963906978191,4000.0,0.3
27,Zprime_4000GeV_045,0.5780751390853485,4000.0,0.45
28,Zprime_4000GeV_060,0.5903586796165275,4000.0,0.6
29,Zprime_4000GeV_075,0.6131590572326113,4000.0,0.75
