,name,auc,mass,nu
0,Zprime_1500GeV_015,0.5284277702572037,1500.0,0.15
1,Zprime_1500GeV_030,0.5138480193595258,1500.0,0.3
2,Zprime_1500GeV_045,0.506324534261587,1500.0,0.45
3,Zprime_1500GeV_060,0.5878929499989256,1500.0,0.6
4,Zprime_1500GeV_075,0.5561430650693646,1500.0,0.75
5,Zprime_2000GeV_015,0.5555033519431778,2000.0,0.15
6,Zprime_2000GeV_030,0.55385612767973,2000.0,0.3
7,Zprime_2000GeV_045,0.5489068194006126,2000.0,0.45
8,Zprime_2000GeV_060,0.5619598616214359,2000.0,0.6
9,Zprime_2000GeV_075,0.5511113804596417,2000.0,0.75
10,Zprime_2500GeV_015,0.5408717223786434,2500.0,0.15
11,Zprime_2500GeV_030,0.5471298806759605,2500.0,0.3
12,Zprime_2500GeV_045,0.5613681973158796,2500.0,0.45
13,Zprime_2500GeV_060,0.5790191604336917,2500.0,0.6
14,Zprime_2500GeV_075,0.5716729113640371,2500.0,0.75
15,Zprime_3000GeV_015,0.5350782042040986,3000.0,0.15
16,Zprime_3000GeV_030,0.5442747710144747,3000.0,0.3
17,Zprime_3000GeV_045,0.5599423484727163,3000.0,0.45
18,Zprime_3000GeV_060,0.5684829576970599,3000.0,0.6
19,Zprime_3000GeV_075,0.5912995770851129,3000.0,0.75
20,Zprime_3500GeV_015,0.5360419545271521,3500.0,0.15
21,Zprime_3500GeV_030,0.5423009185289486,3500.0,0.3
22,Zprime_3500GeV_045,0.5580536513140522,3500.0,0.45
23,Zprime_3500GeV_060,0.5841660011327607,3500.0,0.6
24,Zprime_3500GeV_075,0.5844497682849432,3500.0,0.75
25,Zprime_4000GeV_015,0.528386795453127,4000.0,0.15
26,Zprime_4000GeV_030,0.5544684094730195,4000.0,0.3
27,Zprime_4000GeV_045,0.5651880023387437,4000.0,0.45
28,Zprime_4000GeV_060,0.5758097086548504,4000.0,0.6
29,Zprime_4000GeV_075,0.5967223088543496,4000.0,0.75
