,name,auc,mass,nu
0,Zprime_1500GeV_015,0.620769677045059,1500.0,0.15
1,Zprime_1500GeV_030,0.6390385744475863,1500.0,0.3
2,Zprime_1500GeV_045,0.6472595565009991,1500.0,0.45
3,Zprime_1500GeV_060,0.6607039257397022,1500.0,0.6
4,Zprime_1500GeV_075,0.6319411223863176,1500.0,0.75
5,Zprime_2000GeV_015,0.6576112614384398,2000.0,0.15
6,Zprime_2000GeV_030,0.6774043298888169,2000.0,0.3
7,Zprime_2000GeV_045,0.677823289823726,2000.0,0.45
8,Zprime_2000GeV_060,0.6999393340352535,2000.0,0.6
9,Zprime_2000GeV_075,0.6865822667585478,2000.0,0.75
10,Zprime_2500GeV_015,0.6518828858545489,2500.0,0.15
11,Zprime_2500GeV_030,0.6781346048655735,2500.0,0.3
12,Zprime_2500GeV_045,0.6908471239675451,2500.0,0.45
13,Zprime_2500GeV_060,0.7025168987723214,2500.0,0.6
14,Zprime_2500GeV_075,0.7066521517676508,2500.0,0.75
15,Zprime_3000GeV_015,0.6503605480447484,3000.0,0.15
16,Zprime_3000GeV_030,0.6720039358086651,3000.0,0.3
17,Zprime_3000GeV_045,0.6916197767358994,3000.0,0.45
18,Zprime_3000GeV_060,0.7094195866630693,3000.0,0.6
19,Zprime_3000GeV_075,0.7191317744836505,3000.0,0.75
20,Zprime_3500GeV_015,0.6537262342850363,3500.0,0.15
21,Zprime_3500GeV_030,0.6635043895214512,3500.0,0.3
22,Zprime_3500GeV_045,0.6962517016679609,3500.0,0.45
23,Zprime_3500GeV_060,0.7147419819771942,3500.0,0.6
24,Zprime_3500GeV_075,0.7228952374818052,3500.0,0.75
25,Zprime_4000GeV_015,0.6468320244185648,4000.0,0.15
26,Zprime_4000GeV_030,0.6775828362956748,4000.0,0.3
27,Zprime_4000GeV_045,0.6995464113453511,4000.0,0.45
28,Zprime_4000GeV_060,0.7124427481680917,4000.0,0.6
29,Zprime_4000GeV_075,0.7329951338687349,4000.0,0.75
