,name,auc,mass,nu
0,Zprime_1500GeV_015,0.5665033627710092,1500.0,0.15
1,Zprime_1500GeV_030,0.5800183281328128,1500.0,0.3
2,Zprime_1500GeV_045,0.5500322310320377,1500.0,0.45
3,Zprime_1500GeV_060,0.672353295085842,1500.0,0.6
4,Zprime_1500GeV_075,0.6138281305662145,1500.0,0.75
5,Zprime_2000GeV_015,0.5972543200102197,2000.0,0.15
6,Zprime_2000GeV_030,0.5984274409401372,2000.0,0.3
7,Zprime_2000GeV_045,0.6067201473209612,2000.0,0.45
8,Zprime_2000GeV_060,0.6199691298337595,2000.0,0.6
9,Zprime_2000GeV_075,0.6314955743615305,2000.0,0.75
10,Zprime_2500GeV_015,0.5863208615327126,2500.0,0.15
11,Zprime_2500GeV_030,0.6022813585949636,2500.0,0.3
12,Zprime_2500GeV_045,0.6140826748458532,2500.0,0.45
13,Zprime_2500GeV_060,0.6417965549108411,2500.0,0.6
14,Zprime_2500GeV_075,0.6433605584018489,2500.0,0.75
15,Zprime_3000GeV_015,0.5922275354590187,3000.0,0.15
16,Zprime_3000GeV_030,0.6062043845359361,3000.0,0.3
17,Zprime_3000GeV_045,0.6312035170652398,3000.0,0.45
18,Zprime_3000GeV_060,0.6433980086626206,3000.0,0.6
19,Zprime_3000GeV_075,0.6610710764379832,3000.0,0.75
20,Zprime_3500GeV_015,0.5924265949923253,3500.0,0.15
21,Zprime_3500GeV_030,0.6067456037303691,3500.0,0.3
22,Zprime_3500GeV_045,0.6302979934626229,3500.0,0.45
23,Zprime_3500GeV_060,0.6504922490518911,3500.0,0.6
24,Zprime_3500GeV_075,0.6579526239440594,3500.0,0.75
25,Zprime_4000GeV_015,0.5874800904775764,4000.0,0.15
26,Zprime_4000GeV_030,0.6129903220892812,4000.0,0.3
27,Zprime_4000GeV_045,0.6299781229475789,4000.0,0.45
28,Zprime_4000GeV_060,0.6456327285589322,4000.0,0.6
29,Zprime_4000GeV_075,0.6639868126570724,4000.0,0.75
