,name,auc,mass,nu
0,Zprime_1500GeV_015,0.5380584026300522,1500.0,0.15
1,Zprime_1500GeV_030,0.5370961756573824,1500.0,0.3
2,Zprime_1500GeV_045,0.5356410752272288,1500.0,0.45
3,Zprime_1500GeV_060,0.6106115301145276,1500.0,0.6
4,Zprime_1500GeV_075,0.5753756611602493,1500.0,0.75
5,Zprime_2000GeV_015,0.5420074698572528,2000.0,0.15
6,Zprime_2000GeV_030,0.5436374891745773,2000.0,0.3
7,Zprime_2000GeV_045,0.5513562635410337,2000.0,0.45
8,Zprime_2000GeV_060,0.5623386836846516,2000.0,0.6
9,Zprime_2000GeV_075,0.5765052345919779,2000.0,0.75
10,Zprime_2500GeV_015,0.5367923055595036,2500.0,0.15
11,Zprime_2500GeV_030,0.5479588022515863,2500.0,0.3
12,Zprime_2500GeV_045,0.5654536367847521,2500.0,0.45
13,Zprime_2500GeV_060,0.5957291208359689,2500.0,0.6
14,Zprime_2500GeV_075,0.5959919800444612,2500.0,0.75
15,Zprime_3000GeV_015,0.544264780858283,3000.0,0.15
16,Zprime_3000GeV_030,0.5576387172152756,3000.0,0.3
17,Zprime_3000GeV_045,0.5778261344982891,3000.0,0.45
18,Zprime_3000GeV_060,0.5937258870385318,3000.0,0.6
19,Zprime_3000GeV_075,0.6176386349328031,3000.0,0.75
20,Zprime_3500GeV_015,0.5501973566816798,3500.0,0.15
21,Zprime_3500GeV_030,0.5640381304818176,3500.0,0.3
22,Zprime_3500GeV_045,0.5894038624624549,3500.0,0.45
23,Zprime_3500GeV_060,0.6106158439880268,3500.0,0.6
24,Zprime_3500GeV_075,0.6196085857276036,3500.0,0.75
25,Zprime_4000GeV_015,0.5579449307935094,4000.0,0.15
26,Zprime_4000GeV_030,0.5839071104431226,4000.0,0.3
27,Zprime_4000GeV_045,0.5938969713730278,4000.0,0.45
28,Zprime_4000GeV_060,0.6122532196797004,4000.0,0.6
29,Zprime_4000GeV_075,0.6321137067691851,4000.0,0.75
