,name,auc,mass,nu
0,Zprime_1500GeV_015,0.5141838028320334,1500.0,0.15
1,Zprime_1500GeV_030,0.5469405781724482,1500.0,0.3
2,Zprime_1500GeV_045,0.5531787855347128,1500.0,0.45
3,Zprime_1500GeV_060,0.6000666107995445,1500.0,0.6
4,Zprime_1500GeV_075,0.5983708061490024,1500.0,0.75
5,Zprime_2000GeV_015,0.5734440869015947,2000.0,0.15
6,Zprime_2000GeV_030,0.5739047054504076,2000.0,0.3
7,Zprime_2000GeV_045,0.5812342016510518,2000.0,0.45
8,Zprime_2000GeV_060,0.5944553313708216,2000.0,0.6
9,Zprime_2000GeV_075,0.5881847845922957,2000.0,0.75
10,Zprime_2500GeV_015,0.5529578601168771,2500.0,0.15
11,Zprime_2500GeV_030,0.5595503287925794,2500.0,0.3
12,Zprime_2500GeV_045,0.5854610811537411,2500.0,0.45
13,Zprime_2500GeV_060,0.6093918764287566,2500.0,0.6
14,Zprime_2500GeV_075,0.6174740930713486,2500.0,0.75
15,Zprime_3000GeV_015,0.5461436546864897,3000.0,0.15
16,Zprime_3000GeV_030,0.5618817126299585,3000.0,0.3
17,Zprime_3000GeV_045,0.601040435555096,3000.0,0.45
18,Zprime_3000GeV_060,0.6102219994356675,3000.0,0.6
19,Zprime_3000GeV_075,0.6358572740421304,3000.0,0.75
20,Zprime_3500GeV_015,0.5465849119532286,3500.0,0.15
21,Zprime_3500GeV_030,0.5605425733724345,3500.0,0.3
22,Zprime_3500GeV_045,0.5966874531721259,3500.0,0.45
23,Zprime_3500GeV_060,0.6237865262476239,3500.0,0.6
24,Zprime_3500GeV_075,0.6374147471138776,3500.0,0.75
25,Zprime_4000GeV_015,0.5503731497736526,4000.0,0.15
26,Zprime_4000GeV_030,0.57120940173193,4000.0,0.3
27,Zprime_4000GeV_045,0.600292123547205,4000.0,0.45
28,Zprime_4000GeV_060,0.6288417970687463,4000.0,0.6
29,Zprime_4000GeV_075,0.6498602423644254,4000.0,0.75
