,name,auc,mass,nu
0,Zprime_1500GeV_015,0.5067298394894605,1500.0,0.15
1,Zprime_1500GeV_030,0.5298772955899238,1500.0,0.3
2,Zprime_1500GeV_045,0.5361221233803906,1500.0,0.45
3,Zprime_1500GeV_060,0.5794870968435075,1500.0,0.6
4,Zprime_1500GeV_075,0.572248402867544,1500.0,0.75
5,Zprime_2000GeV_015,0.5506130712571735,2000.0,0.15
6,Zprime_2000GeV_030,0.5444241715924092,2000.0,0.3
7,Zprime_2000GeV_045,0.5605543371768267,2000.0,0.45
8,Zprime_2000GeV_060,0.5692977932486731,2000.0,0.6
9,Zprime_2000GeV_075,0.575111582924998,2000.0,0.75
10,Zprime_2500GeV_015,0.5349375511272373,2500.0,0.15
11,Zprime_2500GeV_030,0.54647653530394,2500.0,0.3
12,Zprime_2500GeV_045,0.5694007514077966,2500.0,0.45
13,Zprime_2500GeV_060,0.5927050336990218,2500.0,0.6
14,Zprime_2500GeV_075,0.6007786788234413,2500.0,0.75
15,Zprime_3000GeV_015,0.536602243670509,3000.0,0.15
16,Zprime_3000GeV_030,0.5492624154021665,3000.0,0.3
17,Zprime_3000GeV_045,0.5792267876356221,3000.0,0.45
18,Zprime_3000GeV_060,0.5926777271216608,3000.0,0.6
19,Zprime_3000GeV_075,0.6213236197623447,3000.0,0.75
20,Zprime_3500GeV_015,0.5328342194531561,3500.0,0.15
21,Zprime_3500GeV_030,0.5498976433630759,3500.0,0.3
22,Zprime_3500GeV_045,0.5752224493455695,3500.0,0.45
23,Zprime_3500GeV_060,0.6060841116758513,3500.0,0.6
24,Zprime_3500GeV_075,0.6146802054548945,3500.0,0.75
25,Zprime_4000GeV_015,0.5339308120201565,4000.0,0.15
26,Zprime_4000GeV_030,0.5580632100017747,4000.0,0.3
27,Zprime_4000GeV_045,0.5794945408014742,4000.0,0.45
28,Zprime_4000GeV_060,0.6056304105966281,4000.0,0.6
29,Zprime_4000GeV_075,0.6239209233727155,4000.0,0.75
