,name,auc,mass,nu
0,Zprime_1500GeV_015,0.5216205762908528,1500.0,0.15
1,Zprime_1500GeV_030,0.5093818436498769,1500.0,0.3
2,Zprime_1500GeV_045,0.48832592019596466,1500.0,0.45
3,Zprime_1500GeV_060,0.612309031135177,1500.0,0.6
4,Zprime_1500GeV_075,0.5551260911900715,1500.0,0.75
5,Zprime_2000GeV_015,0.5369969329185544,2000.0,0.15
6,Zprime_2000GeV_030,0.540644849527792,2000.0,0.3
7,Zprime_2000GeV_045,0.5470795370435138,2000.0,0.45
8,Zprime_2000GeV_060,0.5498520953752051,2000.0,0.6
9,Zprime_2000GeV_075,0.5502663372745984,2000.0,0.75
10,Zprime_2500GeV_015,0.5363904994234473,2500.0,0.15
11,Zprime_2500GeV_030,0.5460180182284873,2500.0,0.3
12,Zprime_2500GeV_045,0.5602443899265281,2500.0,0.45
13,Zprime_2500GeV_060,0.5844519190412775,2500.0,0.6
14,Zprime_2500GeV_075,0.5787852431235171,2500.0,0.75
15,Zprime_3000GeV_015,0.5455690144531761,3000.0,0.15
16,Zprime_3000GeV_030,0.5523196481118855,3000.0,0.3
17,Zprime_3000GeV_045,0.5686938600799489,3000.0,0.45
18,Zprime_3000GeV_060,0.5787513640288559,3000.0,0.6
19,Zprime_3000GeV_075,0.60806630791791,3000.0,0.75
20,Zprime_3500GeV_015,0.5447267228887973,3500.0,0.15
21,Zprime_3500GeV_030,0.5545345056308167,3500.0,0.3
22,Zprime_3500GeV_045,0.5794115396733881,3500.0,0.45
23,Zprime_3500GeV_060,0.6043166209281259,3500.0,0.6
24,Zprime_3500GeV_075,0.6077498884300504,3500.0,0.75
25,Zprime_4000GeV_015,0.5450627500521138,4000.0,0.15
26,Zprime_4000GeV_030,0.5727649767709981,4000.0,0.3
27,Zprime_4000GeV_045,0.5868257511005827,4000.0,0.45
28,Zprime_4000GeV_060,0.6006619886580168,4000.0,0.6
29,Zprime_4000GeV_075,0.6222742302442638,4000.0,0.75
