,name,auc,mass,nu
0,Zprime_1500GeV_015,0.5290358623949806,1500.0,0.15
1,Zprime_1500GeV_030,0.5114977673476997,1500.0,0.3
2,Zprime_1500GeV_045,0.5247357055372913,1500.0,0.45
3,Zprime_1500GeV_060,0.6144728077526376,1500.0,0.6
4,Zprime_1500GeV_075,0.5634391529006232,1500.0,0.75
5,Zprime_2000GeV_015,0.5569083051543228,2000.0,0.15
6,Zprime_2000GeV_030,0.5545119007246844,2000.0,0.3
7,Zprime_2000GeV_045,0.5603592937152231,2000.0,0.45
8,Zprime_2000GeV_060,0.574877916013093,2000.0,0.6
9,Zprime_2000GeV_075,0.58018343088895,2000.0,0.75
10,Zprime_2500GeV_015,0.5385469274395701,2500.0,0.15
11,Zprime_2500GeV_030,0.5544763567714226,2500.0,0.3
12,Zprime_2500GeV_045,0.5676968166733878,2500.0,0.45
13,Zprime_2500GeV_060,0.5950821778719468,2500.0,0.6
14,Zprime_2500GeV_075,0.598369994960712,2500.0,0.75
15,Zprime_3000GeV_015,0.5426527409074305,3000.0,0.15
16,Zprime_3000GeV_030,0.5567910496982963,3000.0,0.3
17,Zprime_3000GeV_045,0.5825236724371248,3000.0,0.45
18,Zprime_3000GeV_060,0.5950543314840054,3000.0,0.6
19,Zprime_3000GeV_075,0.6196676459496401,3000.0,0.75
20,Zprime_3500GeV_015,0.5441909403707224,3500.0,0.15
21,Zprime_3500GeV_030,0.5575021948531664,3500.0,0.3
22,Zprime_3500GeV_045,0.5831191124397124,3500.0,0.45
23,Zprime_3500GeV_060,0.6117903821616246,3500.0,0.6
24,Zprime_3500GeV_075,0.6200824773787958,3500.0,0.75
25,Zprime_4000GeV_015,0.5405524984910017,4000.0,0.15
26,Zprime_4000GeV_030,0.5716386709864574,4000.0,0.3
27,Zprime_4000GeV_045,0.588306341280555,4000.0,0.45
28,Zprime_4000GeV_060,0.6074555888108553,4000.0,0.6
29,Zprime_4000GeV_075,0.6312849704002707,4000.0,0.75
