,name,auc,mass,nu
0,Zprime_1500GeV_015,0.5978942392402071,1500.0,0.15
1,Zprime_1500GeV_030,0.6111386962286208,1500.0,0.3
2,Zprime_1500GeV_045,0.6268613421001741,1500.0,0.45
3,Zprime_1500GeV_060,0.6230204774490212,1500.0,0.6
4,Zprime_1500GeV_075,0.6205347297852055,1500.0,0.75
5,Zprime_2000GeV_015,0.6411134332040894,2000.0,0.15
6,Zprime_2000GeV_030,0.6563398323238948,2000.0,0.3
7,Zprime_2000GeV_045,0.6684747475578707,2000.0,0.45
8,Zprime_2000GeV_060,0.6854315735189842,2000.0,0.6
9,Zprime_2000GeV_075,0.6711538164719639,2000.0,0.75
10,Zprime_2500GeV_015,0.6222804858686618,2500.0,0.15
11,Zprime_2500GeV_030,0.6537995627828057,2500.0,0.3
12,Zprime_2500GeV_045,0.6732128142588086,2500.0,0.45
13,Zprime_2500GeV_060,0.6865231639782607,2500.0,0.6
14,Zprime_2500GeV_075,0.6969200983863969,2500.0,0.75
15,Zprime_3000GeV_015,0.6204426785745679,3000.0,0.15
16,Zprime_3000GeV_030,0.6427952890134503,3000.0,0.3
17,Zprime_3000GeV_045,0.66766841089838,3000.0,0.45
18,Zprime_3000GeV_060,0.6873001724263714,3000.0,0.6
19,Zprime_3000GeV_075,0.7005951997249619,3000.0,0.75
20,Zprime_3500GeV_015,0.6146992657864325,3500.0,0.15
21,Zprime_3500GeV_030,0.6312043966332316,3500.0,0.3
22,Zprime_3500GeV_045,0.6710667949481823,3500.0,0.45
23,Zprime_3500GeV_060,0.6908951763185075,3500.0,0.6
24,Zprime_3500GeV_075,0.7081132191255486,3500.0,0.75
25,Zprime_4000GeV_015,0.6085044903455268,4000.0,0.15
26,Zprime_4000GeV_030,0.6386133682852749,4000.0,0.3
27,Zprime_4000GeV_045,0.6680892200936508,4000.0,0.45
28,Zprime_4000GeV_060,0.6881610409320746,4000.0,0.6
29,Zprime_4000GeV_075,0.7132737953948215,4000.0,0.75
