,name,auc,mass,nu
0,Zprime_1500GeV_015,0.5697264659747738,1500.0,0.15
1,Zprime_1500GeV_030,0.6081542768837296,1500.0,0.3
2,Zprime_1500GeV_045,0.6003851608328499,1500.0,0.45
3,Zprime_1500GeV_060,0.5945486581146995,1500.0,0.6
4,Zprime_1500GeV_075,0.6321981224575652,1500.0,0.75
5,Zprime_2000GeV_015,0.6299114244113292,2000.0,0.15
6,Zprime_2000GeV_030,0.6320990599749439,2000.0,0.3
7,Zprime_2000GeV_045,0.650168950040986,2000.0,0.45
8,Zprime_2000GeV_060,0.6635107472585717,2000.0,0.6
9,Zprime_2000GeV_075,0.6553064762584402,2000.0,0.75
10,Zprime_2500GeV_015,0.6202594725671756,2500.0,0.15
11,Zprime_2500GeV_030,0.6458185247243743,2500.0,0.3
12,Zprime_2500GeV_045,0.6672194975756767,2500.0,0.45
13,Zprime_2500GeV_060,0.6781186760674314,2500.0,0.6
14,Zprime_2500GeV_075,0.6809416814101509,2500.0,0.75
15,Zprime_3000GeV_015,0.617246092719889,3000.0,0.15
16,Zprime_3000GeV_030,0.641412057327189,3000.0,0.3
17,Zprime_3000GeV_045,0.6621507070474314,3000.0,0.45
18,Zprime_3000GeV_060,0.6830197176715994,3000.0,0.6
19,Zprime_3000GeV_075,0.694973264970092,3000.0,0.75
20,Zprime_3500GeV_015,0.6245395400024477,3500.0,0.15
21,Zprime_3500GeV_030,0.6341360955635926,3500.0,0.3
22,Zprime_3500GeV_045,0.6683950733311204,3500.0,0.45
23,Zprime_3500GeV_060,0.6907978681263633,3500.0,0.6
24,Zprime_3500GeV_075,0.7014835358262759,3500.0,0.75
25,Zprime_4000GeV_015,0.6200691520745669,4000.0,0.15
26,Zprime_4000GeV_030,0.6529139350057771,4000.0,0.3
27,Zprime_4000GeV_045,0.6725311821740069,4000.0,0.45
28,Zprime_4000GeV_060,0.6869606938389297,4000.0,0.6
29,Zprime_4000GeV_075,0.7089262711369276,4000.0,0.75
