,name,auc,mass,nu
0,Zprime_1500GeV_015,0.5445798147790025,1500.0,0.15
1,Zprime_1500GeV_030,0.5600019861284606,1500.0,0.3
2,Zprime_1500GeV_045,0.5653822600399665,1500.0,0.45
3,Zprime_1500GeV_060,0.6090945228732891,1500.0,0.6
4,Zprime_1500GeV_075,0.6098416608141899,1500.0,0.75
5,Zprime_2000GeV_015,0.5946564819971593,2000.0,0.15
6,Zprime_2000GeV_030,0.5939621000432549,2000.0,0.3
7,Zprime_2000GeV_045,0.6093161169332698,2000.0,0.45
8,Zprime_2000GeV_060,0.6290858563068968,2000.0,0.6
9,Zprime_2000GeV_075,0.639674425720182,2000.0,0.75
10,Zprime_2500GeV_015,0.5817177043117354,2500.0,0.15
11,Zprime_2500GeV_030,0.5929805426955901,2500.0,0.3
12,Zprime_2500GeV_045,0.6200514122438945,2500.0,0.45
13,Zprime_2500GeV_060,0.6508439393133298,2500.0,0.6
14,Zprime_2500GeV_075,0.6630380460517402,2500.0,0.75
15,Zprime_3000GeV_015,0.5795249927236004,3000.0,0.15
16,Zprime_3000GeV_030,0.6002882219068316,3000.0,0.3
17,Zprime_3000GeV_045,0.6410357424539126,3000.0,0.45
18,Zprime_3000GeV_060,0.6578723234250895,3000.0,0.6
19,Zprime_3000GeV_075,0.6800656406519134,3000.0,0.75
20,Zprime_3500GeV_015,0.5846060854056953,3500.0,0.15
21,Zprime_3500GeV_030,0.6056848453384991,3500.0,0.3
22,Zprime_3500GeV_045,0.6404167301748529,3500.0,0.45
23,Zprime_3500GeV_060,0.6713596771582365,3500.0,0.6
24,Zprime_3500GeV_075,0.6819129254283334,3500.0,0.75
25,Zprime_4000GeV_015,0.5999803823242229,4000.0,0.15
26,Zprime_4000GeV_030,0.6193099627368577,4000.0,0.3
27,Zprime_4000GeV_045,0.647154337678759,4000.0,0.45
28,Zprime_4000GeV_060,0.6746886365405047,4000.0,0.6
29,Zprime_4000GeV_075,0.69531354326407,4000.0,0.75
