,name,auc,mass,nu
0,Zprime_1500GeV_015,0.516738649304884,1500.0,0.15
1,Zprime_1500GeV_030,0.5699343706498996,1500.0,0.3
2,Zprime_1500GeV_045,0.5437914974537484,1500.0,0.45
3,Zprime_1500GeV_060,0.6114839167150132,1500.0,0.6
4,Zprime_1500GeV_075,0.598587093337676,1500.0,0.75
5,Zprime_2000GeV_015,0.5755712508619487,2000.0,0.15
6,Zprime_2000GeV_030,0.5744538007860635,2000.0,0.3
7,Zprime_2000GeV_045,0.5842212868365265,2000.0,0.45
8,Zprime_2000GeV_060,0.5952222866842862,2000.0,0.6
9,Zprime_2000GeV_075,0.5993543125574824,2000.0,0.75
10,Zprime_2500GeV_015,0.5586189829350832,2500.0,0.15
11,Zprime_2500GeV_030,0.5651794028274763,2500.0,0.3
12,Zprime_2500GeV_045,0.5885019166220679,2500.0,0.45
13,Zprime_2500GeV_060,0.6185491137592164,2500.0,0.6
14,Zprime_2500GeV_075,0.6159787085655503,2500.0,0.75
15,Zprime_3000GeV_015,0.5574366757890254,3000.0,0.15
16,Zprime_3000GeV_030,0.5642624386913154,3000.0,0.3
17,Zprime_3000GeV_045,0.5976167158911758,3000.0,0.45
18,Zprime_3000GeV_060,0.6098672650830614,3000.0,0.6
19,Zprime_3000GeV_075,0.6383492281857994,3000.0,0.75
20,Zprime_3500GeV_015,0.550299888732872,3500.0,0.15
21,Zprime_3500GeV_030,0.5720144173165564,3500.0,0.3
22,Zprime_3500GeV_045,0.5948223106216011,3500.0,0.45
23,Zprime_3500GeV_060,0.6235634678228504,3500.0,0.6
24,Zprime_3500GeV_075,0.6342703505936317,3500.0,0.75
25,Zprime_4000GeV_015,0.5544450965065933,4000.0,0.15
26,Zprime_4000GeV_030,0.5798627864388465,4000.0,0.3
27,Zprime_4000GeV_045,0.6008018126551325,4000.0,0.45
28,Zprime_4000GeV_060,0.6229929001549428,4000.0,0.6
29,Zprime_4000GeV_075,0.6448461932995243,4000.0,0.75
