,name,auc,mass,nu
0,Zprime_1500GeV_015,0.5907797761017641,1500.0,0.15
1,Zprime_1500GeV_030,0.6237601941527682,1500.0,0.3
2,Zprime_1500GeV_045,0.6135112486301811,1500.0,0.45
3,Zprime_1500GeV_060,0.6325232600614539,1500.0,0.6
4,Zprime_1500GeV_075,0.6362999453768825,1500.0,0.75
5,Zprime_2000GeV_015,0.6476724903008158,2000.0,0.15
6,Zprime_2000GeV_030,0.6584158144127833,2000.0,0.3
7,Zprime_2000GeV_045,0.6631942872895896,2000.0,0.45
8,Zprime_2000GeV_060,0.6862143578504051,2000.0,0.6
9,Zprime_2000GeV_075,0.6669754717306613,2000.0,0.75
10,Zprime_2500GeV_015,0.6269211442560029,2500.0,0.15
11,Zprime_2500GeV_030,0.650510086726713,2500.0,0.3
12,Zprime_2500GeV_045,0.6711177034815011,2500.0,0.45
13,Zprime_2500GeV_060,0.6840934508513357,2500.0,0.6
14,Zprime_2500GeV_075,0.6903595473159361,2500.0,0.75
15,Zprime_3000GeV_015,0.6220732269513936,3000.0,0.15
16,Zprime_3000GeV_030,0.639209306366914,3000.0,0.3
17,Zprime_3000GeV_045,0.6668450993502195,3000.0,0.45
18,Zprime_3000GeV_060,0.685219196107881,3000.0,0.6
19,Zprime_3000GeV_075,0.6963160959715327,3000.0,0.75
20,Zprime_3500GeV_015,0.6209749747056467,3500.0,0.15
21,Zprime_3500GeV_030,0.633065476817753,3500.0,0.3
22,Zprime_3500GeV_045,0.6690832711304537,3500.0,0.45
23,Zprime_3500GeV_060,0.6893111072073016,3500.0,0.6
24,Zprime_3500GeV_075,0.6985466668958192,3500.0,0.75
25,Zprime_4000GeV_015,0.6142333818798719,4000.0,0.15
26,Zprime_4000GeV_030,0.6434831905225783,4000.0,0.3
27,Zprime_4000GeV_045,0.666524265056724,4000.0,0.45
28,Zprime_4000GeV_060,0.686606887287246,4000.0,0.6
29,Zprime_4000GeV_075,0.7076042598429152,4000.0,0.75
