,name,auc,mass,nu
0,Zprime_1500GeV_015,0.6251702872859322,1500.0,0.15
1,Zprime_1500GeV_030,0.5955510722480362,1500.0,0.3
2,Zprime_1500GeV_045,0.5665135692644878,1500.0,0.45
3,Zprime_1500GeV_060,0.6831001955349276,1500.0,0.6
4,Zprime_1500GeV_075,0.5702924881338911,1500.0,0.75
5,Zprime_2000GeV_015,0.625352626845942,2000.0,0.15
6,Zprime_2000GeV_030,0.6229616791713729,2000.0,0.3
7,Zprime_2000GeV_045,0.6255667289799953,2000.0,0.45
8,Zprime_2000GeV_060,0.6307832140785149,2000.0,0.6
9,Zprime_2000GeV_075,0.6415211276684798,2000.0,0.75
10,Zprime_2500GeV_015,0.6242787543798977,2500.0,0.15
11,Zprime_2500GeV_030,0.6321715668651147,2500.0,0.3
12,Zprime_2500GeV_045,0.633636761016142,2500.0,0.45
13,Zprime_2500GeV_060,0.6531622864834874,2500.0,0.6
14,Zprime_2500GeV_075,0.6451081676559354,2500.0,0.75
15,Zprime_3000GeV_015,0.6202171101852015,3000.0,0.15
16,Zprime_3000GeV_030,0.6287422715246797,3000.0,0.3
17,Zprime_3000GeV_045,0.6455298234701915,3000.0,0.45
18,Zprime_3000GeV_060,0.6521280587152904,3000.0,0.6
19,Zprime_3000GeV_075,0.6624230427818378,3000.0,0.75
20,Zprime_3500GeV_015,0.61143949394477,3500.0,0.15
21,Zprime_3500GeV_030,0.6255673863369265,3500.0,0.3
22,Zprime_3500GeV_045,0.6398595249125796,3500.0,0.45
23,Zprime_3500GeV_060,0.6610595496611313,3500.0,0.6
24,Zprime_3500GeV_075,0.6645204773371975,3500.0,0.75
25,Zprime_4000GeV_015,0.6044953778467606,4000.0,0.15
26,Zprime_4000GeV_030,0.627560644513358,4000.0,0.3
27,Zprime_4000GeV_045,0.6434334556998135,4000.0,0.45
28,Zprime_4000GeV_060,0.6555716432382134,4000.0,0.6
29,Zprime_4000GeV_075,0.6681357333918019,4000.0,0.75
