,name,auc,mass,nu
0,Zprime_1500GeV_015,0.5618148219772664,1500.0,0.15
1,Zprime_1500GeV_030,0.5636658704730645,1500.0,0.3
2,Zprime_1500GeV_045,0.554559885257526,1500.0,0.45
3,Zprime_1500GeV_060,0.5766915919981092,1500.0,0.6
4,Zprime_1500GeV_075,0.5906641967517906,1500.0,0.75
5,Zprime_2000GeV_015,0.5764737197590029,2000.0,0.15
6,Zprime_2000GeV_030,0.5749008311869335,2000.0,0.3
7,Zprime_2000GeV_045,0.586268757431996,2000.0,0.45
8,Zprime_2000GeV_060,0.6002955943760431,2000.0,0.6
9,Zprime_2000GeV_075,0.5994891381422034,2000.0,0.75
10,Zprime_2500GeV_015,0.5654687152067119,2500.0,0.15
11,Zprime_2500GeV_030,0.5721202870768272,2500.0,0.3
12,Zprime_2500GeV_045,0.5974841618207685,2500.0,0.45
13,Zprime_2500GeV_060,0.6151552142350254,2500.0,0.6
14,Zprime_2500GeV_075,0.6276479042487373,2500.0,0.75
15,Zprime_3000GeV_015,0.5702058781588852,3000.0,0.15
16,Zprime_3000GeV_030,0.5871294214808644,3000.0,0.3
17,Zprime_3000GeV_045,0.6128744592146924,3000.0,0.45
18,Zprime_3000GeV_060,0.6292464143459358,3000.0,0.6
19,Zprime_3000GeV_075,0.6515599948173015,3000.0,0.75
20,Zprime_3500GeV_015,0.5758979145120923,3500.0,0.15
21,Zprime_3500GeV_030,0.5929390744751303,3500.0,0.3
22,Zprime_3500GeV_045,0.6236167113784379,3500.0,0.45
23,Zprime_3500GeV_060,0.6473223639567504,3500.0,0.6
24,Zprime_3500GeV_075,0.6592902246763568,3500.0,0.75
25,Zprime_4000GeV_015,0.5938822059495044,4000.0,0.15
26,Zprime_4000GeV_030,0.6156818213557362,4000.0,0.3
27,Zprime_4000GeV_045,0.6361834237212665,4000.0,0.45
28,Zprime_4000GeV_060,0.6554842687513631,4000.0,0.6
29,Zprime_4000GeV_075,0.6747723508193688,4000.0,0.75
