,name,auc,mass,nu
0,Zprime_1500GeV_015,0.5808934442080835,1500.0,0.15
1,Zprime_1500GeV_030,0.6125734127087832,1500.0,0.3
2,Zprime_1500GeV_045,0.6320328111906143,1500.0,0.45
3,Zprime_1500GeV_060,0.6334160596488966,1500.0,0.6
4,Zprime_1500GeV_075,0.6165363854424304,1500.0,0.75
5,Zprime_2000GeV_015,0.6375627179697176,2000.0,0.15
6,Zprime_2000GeV_030,0.6586912379238731,2000.0,0.3
7,Zprime_2000GeV_045,0.6547072393641022,2000.0,0.45
8,Zprime_2000GeV_060,0.675093505805167,2000.0,0.6
9,Zprime_2000GeV_075,0.6609648382138379,2000.0,0.75
10,Zprime_2500GeV_015,0.6218318032746507,2500.0,0.15
11,Zprime_2500GeV_030,0.6431793295685757,2500.0,0.3
12,Zprime_2500GeV_045,0.662722269194579,2500.0,0.45
13,Zprime_2500GeV_060,0.6729455250519567,2500.0,0.6
14,Zprime_2500GeV_075,0.6832697095885081,2500.0,0.75
15,Zprime_3000GeV_015,0.6114349841481924,3000.0,0.15
16,Zprime_3000GeV_030,0.6336216932499363,3000.0,0.3
17,Zprime_3000GeV_045,0.6587864727696607,3000.0,0.45
18,Zprime_3000GeV_060,0.675990433559491,3000.0,0.6
19,Zprime_3000GeV_075,0.6886046124729848,3000.0,0.75
20,Zprime_3500GeV_015,0.616293300523077,3500.0,0.15
21,Zprime_3500GeV_030,0.6259446681306827,3500.0,0.3
22,Zprime_3500GeV_045,0.6614123457504137,3500.0,0.45
23,Zprime_3500GeV_060,0.68039346955004,3500.0,0.6
24,Zprime_3500GeV_075,0.6935880168067929,3500.0,0.75
25,Zprime_4000GeV_015,0.6020415405447314,4000.0,0.15
26,Zprime_4000GeV_030,0.6295413963444922,4000.0,0.3
27,Zprime_4000GeV_045,0.6586110156020831,4000.0,0.45
28,Zprime_4000GeV_060,0.6784956391246654,4000.0,0.6
29,Zprime_4000GeV_075,0.6989844961190173,4000.0,0.75
