,name,auc,mass,nu
0,Zprime_1500GeV_015,0.5684823481381207,1500.0,0.15
1,Zprime_1500GeV_030,0.6220345272752931,1500.0,0.3
2,Zprime_1500GeV_045,0.6284382453426159,1500.0,0.45
3,Zprime_1500GeV_060,0.6281462859107415,1500.0,0.6
4,Zprime_1500GeV_075,0.656516436129969,1500.0,0.75
5,Zprime_2000GeV_015,0.648578241208965,2000.0,0.15
6,Zprime_2000GeV_030,0.6574522116560491,2000.0,0.3
7,Zprime_2000GeV_045,0.6661460554931509,2000.0,0.45
8,Zprime_2000GeV_060,0.6818288603823317,2000.0,0.6
9,Zprime_2000GeV_075,0.6703263641670821,2000.0,0.75
10,Zprime_2500GeV_015,0.625418712172224,2500.0,0.15
11,Zprime_2500GeV_030,0.6486686276401505,2500.0,0.3
12,Zprime_2500GeV_045,0.6684502420325639,2500.0,0.45
13,Zprime_2500GeV_060,0.6880865097789514,2500.0,0.6
14,Zprime_2500GeV_075,0.6930413358039278,2500.0,0.75
15,Zprime_3000GeV_015,0.6212445475837469,3000.0,0.15
16,Zprime_3000GeV_030,0.6443571570976154,3000.0,0.3
17,Zprime_3000GeV_045,0.6676197004894375,3000.0,0.45
18,Zprime_3000GeV_060,0.6820464418291632,3000.0,0.6
19,Zprime_3000GeV_075,0.6983425014857798,3000.0,0.75
20,Zprime_3500GeV_015,0.6207561773809157,3500.0,0.15
21,Zprime_3500GeV_030,0.6291530424307055,3500.0,0.3
22,Zprime_3500GeV_045,0.66886167023417,3500.0,0.45
23,Zprime_3500GeV_060,0.6912661530368768,3500.0,0.6
24,Zprime_3500GeV_075,0.7062101431290071,3500.0,0.75
25,Zprime_4000GeV_015,0.6041204653658725,4000.0,0.15
26,Zprime_4000GeV_030,0.6423026191482296,4000.0,0.3
27,Zprime_4000GeV_045,0.6692862955985086,4000.0,0.45
28,Zprime_4000GeV_060,0.6893280046920366,4000.0,0.6
29,Zprime_4000GeV_075,0.7126722069547021,4000.0,0.75
