,name,auc,mass,nu
0,Zprime_1500GeV_015,0.5208470315219493,1500.0,0.15
1,Zprime_1500GeV_030,0.5363522485935945,1500.0,0.3
2,Zprime_1500GeV_045,0.5060344549732482,1500.0,0.45
3,Zprime_1500GeV_060,0.5657545284600013,1500.0,0.6
4,Zprime_1500GeV_075,0.519775434525203,1500.0,0.75
5,Zprime_2000GeV_015,0.5369883491972285,2000.0,0.15
6,Zprime_2000GeV_030,0.5370938889963257,2000.0,0.3
7,Zprime_2000GeV_045,0.5481612196222523,2000.0,0.45
8,Zprime_2000GeV_060,0.5573855619301374,2000.0,0.6
9,Zprime_2000GeV_075,0.5585805816657179,2000.0,0.75
10,Zprime_2500GeV_015,0.534034028203318,2500.0,0.15
11,Zprime_2500GeV_030,0.5361585311071281,2500.0,0.3
12,Zprime_2500GeV_045,0.5608992857703242,2500.0,0.45
13,Zprime_2500GeV_060,0.5748814137290684,2500.0,0.6
14,Zprime_2500GeV_075,0.5808378235482732,2500.0,0.75
15,Zprime_3000GeV_015,0.5263698188616,3000.0,0.15
16,Zprime_3000GeV_030,0.5438119207435185,3000.0,0.3
17,Zprime_3000GeV_045,0.5695431113880522,3000.0,0.45
18,Zprime_3000GeV_060,0.5822255604822072,3000.0,0.6
19,Zprime_3000GeV_075,0.6039465258228467,3000.0,0.75
20,Zprime_3500GeV_015,0.5316167739633052,3500.0,0.15
21,Zprime_3500GeV_030,0.5480585332797423,3500.0,0.3
22,Zprime_3500GeV_045,0.5703960280122812,3500.0,0.45
23,Zprime_3500GeV_060,0.597566876931094,3500.0,0.6
24,Zprime_3500GeV_075,0.6033591135139789,3500.0,0.75
25,Zprime_4000GeV_015,0.5377154700303026,4000.0,0.15
26,Zprime_4000GeV_030,0.5572136194191182,4000.0,0.3
27,Zprime_4000GeV_045,0.5774522669907949,4000.0,0.45
28,Zprime_4000GeV_060,0.5946091678415129,4000.0,0.6
29,Zprime_4000GeV_075,0.614314329528778,4000.0,0.75
