,name,auc,mass,nu
0,Zprime_1500GeV_015,0.6159178323556587,1500.0,0.15
1,Zprime_1500GeV_030,0.5949665581264885,1500.0,0.3
2,Zprime_1500GeV_045,0.5945908270482821,1500.0,0.45
3,Zprime_1500GeV_060,0.6087818818625239,1500.0,0.6
4,Zprime_1500GeV_075,0.6057898808130362,1500.0,0.75
5,Zprime_2000GeV_015,0.633807676506136,2000.0,0.15
6,Zprime_2000GeV_030,0.6514765082488087,2000.0,0.3
7,Zprime_2000GeV_045,0.6443081026071475,2000.0,0.45
8,Zprime_2000GeV_060,0.6643013386621972,2000.0,0.6
9,Zprime_2000GeV_075,0.6373293911603444,2000.0,0.75
10,Zprime_2500GeV_015,0.6169959834919422,2500.0,0.15
11,Zprime_2500GeV_030,0.6412541202723673,2500.0,0.3
12,Zprime_2500GeV_045,0.6572537061939049,2500.0,0.45
13,Zprime_2500GeV_060,0.6678205798376738,2500.0,0.6
14,Zprime_2500GeV_075,0.6686467142519584,2500.0,0.75
15,Zprime_3000GeV_015,0.6133257736912735,3000.0,0.15
16,Zprime_3000GeV_030,0.6301748704562654,3000.0,0.3
17,Zprime_3000GeV_045,0.6536026758376512,3000.0,0.45
18,Zprime_3000GeV_060,0.6680732279397886,3000.0,0.6
19,Zprime_3000GeV_075,0.6794152300054053,3000.0,0.75
20,Zprime_3500GeV_015,0.6155557704291025,3500.0,0.15
21,Zprime_3500GeV_030,0.6240292635585105,3500.0,0.3
22,Zprime_3500GeV_045,0.6586853594603501,3500.0,0.45
23,Zprime_3500GeV_060,0.6792650635787861,3500.0,0.6
24,Zprime_3500GeV_075,0.6843757220693076,3500.0,0.75
25,Zprime_4000GeV_015,0.6086676454110219,4000.0,0.15
26,Zprime_4000GeV_030,0.6379506899429284,4000.0,0.3
27,Zprime_4000GeV_045,0.6630902410041901,4000.0,0.45
28,Zprime_4000GeV_060,0.6803502093681081,4000.0,0.6
29,Zprime_4000GeV_075,0.6985049975347034,4000.0,0.75
