,name,auc,mass,nu
0,Zprime_1500GeV_015,0.653855905799437,1500.0,0.15
1,Zprime_1500GeV_030,0.6697094503128153,1500.0,0.3
2,Zprime_1500GeV_045,0.6638617611035905,1500.0,0.45
3,Zprime_1500GeV_060,0.6812307956767443,1500.0,0.6
4,Zprime_1500GeV_075,0.6733155893020115,1500.0,0.75
5,Zprime_2000GeV_015,0.6720067511809771,2000.0,0.15
6,Zprime_2000GeV_030,0.68773787902993,2000.0,0.3
7,Zprime_2000GeV_045,0.6989359873416622,2000.0,0.45
8,Zprime_2000GeV_060,0.7108646511527967,2000.0,0.6
9,Zprime_2000GeV_075,0.7065502990222647,2000.0,0.75
10,Zprime_2500GeV_015,0.6608734021646162,2500.0,0.15
11,Zprime_2500GeV_030,0.6835507161418056,2500.0,0.3
12,Zprime_2500GeV_045,0.7039534733809153,2500.0,0.45
13,Zprime_2500GeV_060,0.716209598260594,2500.0,0.6
14,Zprime_2500GeV_075,0.7326724357610539,2500.0,0.75
15,Zprime_3000GeV_015,0.6534372442272268,3000.0,0.15
16,Zprime_3000GeV_030,0.6766021626246193,3000.0,0.3
17,Zprime_3000GeV_045,0.7098054029726449,3000.0,0.45
18,Zprime_3000GeV_060,0.7285991978526027,3000.0,0.6
19,Zprime_3000GeV_075,0.7427358587794436,3000.0,0.75
20,Zprime_3500GeV_015,0.6638423874506375,3500.0,0.15
21,Zprime_3500GeV_030,0.673946165425433,3500.0,0.3
22,Zprime_3500GeV_045,0.7109940351505009,3500.0,0.45
23,Zprime_3500GeV_060,0.7348218903328063,3500.0,0.6
24,Zprime_3500GeV_075,0.7463916856427191,3500.0,0.75
25,Zprime_4000GeV_015,0.6591156753601155,4000.0,0.15
26,Zprime_4000GeV_030,0.6852079031045466,4000.0,0.3
27,Zprime_4000GeV_045,0.7139694586332377,4000.0,0.45
28,Zprime_4000GeV_060,0.7344284703218995,4000.0,0.6
29,Zprime_4000GeV_075,0.7545365231491034,4000.0,0.75
