,name,auc,mass,nu
0,Zprime_1500GeV_015,0.5224156084144482,1500.0,0.15
1,Zprime_1500GeV_030,0.524571370829348,1500.0,0.3
2,Zprime_1500GeV_045,0.5221999290917295,1500.0,0.45
3,Zprime_1500GeV_060,0.6013021336943208,1500.0,0.6
4,Zprime_1500GeV_075,0.5790313387413613,1500.0,0.75
5,Zprime_2000GeV_015,0.5542405350586951,2000.0,0.15
6,Zprime_2000GeV_030,0.5563905261318931,2000.0,0.3
7,Zprime_2000GeV_045,0.560653887633936,2000.0,0.45
8,Zprime_2000GeV_060,0.5711230007807072,2000.0,0.6
9,Zprime_2000GeV_075,0.5694010157768632,2000.0,0.75
10,Zprime_2500GeV_015,0.542254328250372,2500.0,0.15
11,Zprime_2500GeV_030,0.5491781375251268,2500.0,0.3
12,Zprime_2500GeV_045,0.5646877437627956,2500.0,0.45
13,Zprime_2500GeV_060,0.5875595394424791,2500.0,0.6
14,Zprime_2500GeV_075,0.5895981555726829,2500.0,0.75
15,Zprime_3000GeV_015,0.5393773843638474,3000.0,0.15
16,Zprime_3000GeV_030,0.5477464930710757,3000.0,0.3
17,Zprime_3000GeV_045,0.5778871222777748,3000.0,0.45
18,Zprime_3000GeV_060,0.587115172092481,3000.0,0.6
19,Zprime_3000GeV_075,0.6091485564936652,3000.0,0.75
20,Zprime_3500GeV_015,0.5326647029092944,3500.0,0.15
21,Zprime_3500GeV_030,0.5488093992345161,3500.0,0.3
22,Zprime_3500GeV_045,0.5722315300623153,3500.0,0.45
23,Zprime_3500GeV_060,0.5974238794057484,3500.0,0.6
24,Zprime_3500GeV_075,0.6068617157633798,3500.0,0.75
25,Zprime_4000GeV_015,0.5270369523898821,4000.0,0.15
26,Zprime_4000GeV_030,0.5505106052118457,4000.0,0.3
27,Zprime_4000GeV_045,0.5735964012407224,4000.0,0.45
28,Zprime_4000GeV_060,0.5957577281831818,4000.0,0.6
29,Zprime_4000GeV_075,0.6133026631887335,4000.0,0.75
