,name,auc,mass,nu
0,Zprime_1500GeV_015,0.5073465265691142,1500.0,0.15
1,Zprime_1500GeV_030,0.547329092774848,1500.0,0.3
2,Zprime_1500GeV_045,0.5224956488106749,1500.0,0.45
3,Zprime_1500GeV_060,0.5892928511570941,1500.0,0.6
4,Zprime_1500GeV_075,0.554154919303674,1500.0,0.75
5,Zprime_2000GeV_015,0.5509064325566075,2000.0,0.15
6,Zprime_2000GeV_030,0.5504954003047468,2000.0,0.3
7,Zprime_2000GeV_045,0.5580129431595464,2000.0,0.45
8,Zprime_2000GeV_060,0.573613528438514,2000.0,0.6
9,Zprime_2000GeV_075,0.5690728039999164,2000.0,0.75
10,Zprime_2500GeV_015,0.5304399075429824,2500.0,0.15
11,Zprime_2500GeV_030,0.5385445287931274,2500.0,0.3
12,Zprime_2500GeV_045,0.5625295763443213,2500.0,0.45
13,Zprime_2500GeV_060,0.5850444633420568,2500.0,0.6
14,Zprime_2500GeV_075,0.5957489195314535,2500.0,0.75
15,Zprime_3000GeV_015,0.5228130268064517,3000.0,0.15
16,Zprime_3000GeV_030,0.539449920653007,3000.0,0.3
17,Zprime_3000GeV_045,0.5714126051458193,3000.0,0.45
18,Zprime_3000GeV_060,0.5818585464923952,3000.0,0.6
19,Zprime_3000GeV_075,0.6122427034025805,3000.0,0.75
20,Zprime_3500GeV_015,0.5219748373734232,3500.0,0.15
21,Zprime_3500GeV_030,0.539458640683648,3500.0,0.3
22,Zprime_3500GeV_045,0.56745611609437,3500.0,0.45
23,Zprime_3500GeV_060,0.5994121896286936,3500.0,0.6
24,Zprime_3500GeV_075,0.6102458450999825,3500.0,0.75
25,Zprime_4000GeV_015,0.5259575616373141,4000.0,0.15
26,Zprime_4000GeV_030,0.5473542993190974,4000.0,0.3
27,Zprime_4000GeV_045,0.5728391722346602,4000.0,0.45
28,Zprime_4000GeV_060,0.5985247205335722,4000.0,0.6
29,Zprime_4000GeV_075,0.6231300881103712,4000.0,0.75
