,name,auc,mass,nu
0,Zprime_1500GeV_015,0.6547583746964911,1500.0,0.15
1,Zprime_1500GeV_030,0.6322569910850708,1500.0,0.3
2,Zprime_1500GeV_045,0.6472369947785728,1500.0,0.45
3,Zprime_1500GeV_060,0.6685597026150111,1500.0,0.6
4,Zprime_1500GeV_075,0.639002262957723,1500.0,0.75
5,Zprime_2000GeV_015,0.6804816612160036,2000.0,0.15
6,Zprime_2000GeV_030,0.6971617773592415,2000.0,0.3
7,Zprime_2000GeV_045,0.7024999737122788,2000.0,0.45
8,Zprime_2000GeV_060,0.7210917724918885,2000.0,0.6
9,Zprime_2000GeV_075,0.7087214675923781,2000.0,0.75
10,Zprime_2500GeV_015,0.6597341655485661,2500.0,0.15
11,Zprime_2500GeV_030,0.6876838592904183,2500.0,0.3
12,Zprime_2500GeV_045,0.707611508127467,2500.0,0.45
13,Zprime_2500GeV_060,0.7185352642677209,2500.0,0.6
14,Zprime_2500GeV_075,0.7309045714642166,2500.0,0.75
15,Zprime_3000GeV_015,0.6503654315344511,3000.0,0.15
16,Zprime_3000GeV_030,0.6773202159645908,3000.0,0.3
17,Zprime_3000GeV_045,0.7010281628795322,3000.0,0.45
18,Zprime_3000GeV_060,0.7235021351611224,3000.0,0.6
19,Zprime_3000GeV_075,0.7337866972173104,3000.0,0.75
20,Zprime_3500GeV_015,0.6539191066492152,3500.0,0.15
21,Zprime_3500GeV_030,0.6682683579145796,3500.0,0.3
22,Zprime_3500GeV_045,0.7048659219189694,3500.0,0.45
23,Zprime_3500GeV_060,0.7275687271399561,3500.0,0.6
24,Zprime_3500GeV_075,0.7387973422636775,3500.0,0.75
25,Zprime_4000GeV_015,0.6448638850495358,4000.0,0.15
26,Zprime_4000GeV_030,0.6796775065592694,4000.0,0.3
27,Zprime_4000GeV_045,0.7054602920476276,4000.0,0.45
28,Zprime_4000GeV_060,0.7247688467202338,4000.0,0.6
29,Zprime_4000GeV_075,0.7453179090058678,4000.0,0.75
