,name,auc,mass,nu
0,Zprime_1500GeV_015,0.6040353252111134,1500.0,0.15
1,Zprime_1500GeV_030,0.6038658074047747,1500.0,0.3
2,Zprime_1500GeV_045,0.5961645071875201,1500.0,0.45
3,Zprime_1500GeV_060,0.6067642192569672,1500.0,0.6
4,Zprime_1500GeV_075,0.6183218149803051,1500.0,0.75
5,Zprime_2000GeV_015,0.6192302455331408,2000.0,0.15
6,Zprime_2000GeV_030,0.6335607255999409,2000.0,0.3
7,Zprime_2000GeV_045,0.6393049206499422,2000.0,0.45
8,Zprime_2000GeV_060,0.6536004927766675,2000.0,0.6
9,Zprime_2000GeV_075,0.6430879643878873,2000.0,0.75
10,Zprime_2500GeV_015,0.6053925345828988,2500.0,0.15
11,Zprime_2500GeV_030,0.6265015010143041,2500.0,0.3
12,Zprime_2500GeV_045,0.6481117424895448,2500.0,0.45
13,Zprime_2500GeV_060,0.6609645185598668,2500.0,0.6
14,Zprime_2500GeV_075,0.6682817589958164,2500.0,0.75
15,Zprime_3000GeV_015,0.5886148762816719,3000.0,0.15
16,Zprime_3000GeV_030,0.6096381539053919,3000.0,0.3
17,Zprime_3000GeV_045,0.6356197788016902,3000.0,0.45
18,Zprime_3000GeV_060,0.6543425670415116,3000.0,0.6
19,Zprime_3000GeV_075,0.6686583321463822,3000.0,0.75
20,Zprime_3500GeV_015,0.5810497413576458,3500.0,0.15
21,Zprime_3500GeV_030,0.5975640735045017,3500.0,0.3
22,Zprime_3500GeV_045,0.6384379456241405,3500.0,0.45
23,Zprime_3500GeV_060,0.6620353134012694,3500.0,0.6
24,Zprime_3500GeV_075,0.6735257863997638,3500.0,0.75
25,Zprime_4000GeV_015,0.5721144459299555,4000.0,0.15
26,Zprime_4000GeV_030,0.6082777475197597,4000.0,0.3
27,Zprime_4000GeV_045,0.6368657778284837,4000.0,0.45
28,Zprime_4000GeV_060,0.6586058525542176,4000.0,0.6
29,Zprime_4000GeV_075,0.6828302813025304,4000.0,0.75
