,name,auc,mass,nu
0,Zprime_1500GeV_015,0.6148799931240465,1500.0,0.15
1,Zprime_1500GeV_030,0.5632364137488871,1500.0,0.3
2,Zprime_1500GeV_045,0.5476608328498678,1500.0,0.45
3,Zprime_1500GeV_060,0.6397559036507016,1500.0,0.6
4,Zprime_1500GeV_075,0.5210366856999393,1500.0,0.75
5,Zprime_2000GeV_015,0.5946388937838541,2000.0,0.15
6,Zprime_2000GeV_030,0.5995768392474942,2000.0,0.3
7,Zprime_2000GeV_045,0.5915714479688277,2000.0,0.45
8,Zprime_2000GeV_060,0.5995898063989342,2000.0,0.6
9,Zprime_2000GeV_075,0.5969997448754929,2000.0,0.75
10,Zprime_2500GeV_015,0.5798910202791441,2500.0,0.15
11,Zprime_2500GeV_030,0.5925454237630818,2500.0,0.3
12,Zprime_2500GeV_045,0.5917036261660014,2500.0,0.45
13,Zprime_2500GeV_060,0.6143558424164322,2500.0,0.6
14,Zprime_2500GeV_075,0.6139930895417642,2500.0,0.75
15,Zprime_3000GeV_015,0.569063825257018,3000.0,0.15
16,Zprime_3000GeV_030,0.5826955125490272,3000.0,0.3
17,Zprime_3000GeV_045,0.6056012322254545,3000.0,0.45
18,Zprime_3000GeV_060,0.6102135798022983,3000.0,0.6
19,Zprime_3000GeV_075,0.6321216909956275,3000.0,0.75
20,Zprime_3500GeV_015,0.5775006376138947,3500.0,0.15
21,Zprime_3500GeV_030,0.5897187136823134,3500.0,0.3
22,Zprime_3500GeV_045,0.6126627993444549,3500.0,0.45
23,Zprime_3500GeV_060,0.6352456176868158,3500.0,0.6
24,Zprime_3500GeV_075,0.6410423510599881,3500.0,0.75
25,Zprime_4000GeV_015,0.591771701228286,4000.0,0.15
26,Zprime_4000GeV_030,0.6156190240221535,4000.0,0.3
27,Zprime_4000GeV_045,0.6275844420825767,4000.0,0.45
28,Zprime_4000GeV_060,0.6398893256499897,4000.0,0.6
29,Zprime_4000GeV_075,0.6615151344637694,4000.0,0.75
