,name,auc,mass,nu
0,Zprime_1500GeV_015,0.5832119297793248,1500.0,0.15
1,Zprime_1500GeV_030,0.5714910423864205,1500.0,0.3
2,Zprime_1500GeV_045,0.5128964416940631,1500.0,0.45
3,Zprime_1500GeV_060,0.6313812071595866,1500.0,0.6
4,Zprime_1500GeV_075,0.5841297790986846,1500.0,0.75
5,Zprime_2000GeV_015,0.5857954728107261,2000.0,0.15
6,Zprime_2000GeV_030,0.588395765776623,2000.0,0.3
7,Zprime_2000GeV_045,0.5911345003252819,2000.0,0.45
8,Zprime_2000GeV_060,0.5956603422219358,2000.0,0.6
9,Zprime_2000GeV_075,0.5844645971620349,2000.0,0.75
10,Zprime_2500GeV_015,0.5816557386270779,2500.0,0.15
11,Zprime_2500GeV_030,0.5914327681582207,2500.0,0.3
12,Zprime_2500GeV_045,0.5994471628446659,2500.0,0.45
13,Zprime_2500GeV_060,0.6200434584094422,2500.0,0.6
14,Zprime_2500GeV_075,0.6076056696207788,2500.0,0.75
15,Zprime_3000GeV_015,0.5875955943109298,3000.0,0.15
16,Zprime_3000GeV_030,0.5849771015912355,3000.0,0.3
17,Zprime_3000GeV_045,0.603656900499635,3000.0,0.45
18,Zprime_3000GeV_060,0.6082453879709158,3000.0,0.6
19,Zprime_3000GeV_075,0.6288330642267324,3000.0,0.75
20,Zprime_3500GeV_015,0.5746587948209869,3500.0,0.15
21,Zprime_3500GeV_030,0.5811743472045096,3500.0,0.3
22,Zprime_3500GeV_045,0.6013541853049387,3500.0,0.45
23,Zprime_3500GeV_060,0.6207977008202428,3500.0,0.6
24,Zprime_3500GeV_075,0.6224909018944673,3500.0,0.75
25,Zprime_4000GeV_015,0.5608437237715908,4000.0,0.15
26,Zprime_4000GeV_030,0.5867044819446567,4000.0,0.3
27,Zprime_4000GeV_045,0.5985296380794651,4000.0,0.45
28,Zprime_4000GeV_060,0.614308607622756,4000.0,0.6
29,Zprime_4000GeV_075,0.6319774740658769,4000.0,0.75
