,name,auc,mass,nu
0,Zprime_1500GeV_015,0.5616128408431638,1500.0,0.15
1,Zprime_1500GeV_030,0.565253031023675,1500.0,0.3
2,Zprime_1500GeV_045,0.5660446077483401,1500.0,0.45
3,Zprime_1500GeV_060,0.6447989857968586,1500.0,0.6
4,Zprime_1500GeV_075,0.5666698897698705,1500.0,0.75
5,Zprime_2000GeV_015,0.5801196974692665,2000.0,0.15
6,Zprime_2000GeV_030,0.5790085944747604,2000.0,0.3
7,Zprime_2000GeV_045,0.5880033469983765,2000.0,0.45
8,Zprime_2000GeV_060,0.6049790498291755,2000.0,0.6
9,Zprime_2000GeV_075,0.6088218377498926,2000.0,0.75
10,Zprime_2500GeV_015,0.5695227799059875,2500.0,0.15
11,Zprime_2500GeV_030,0.590502646910414,2500.0,0.3
12,Zprime_2500GeV_045,0.6031272158834526,2500.0,0.45
13,Zprime_2500GeV_060,0.6245062951850215,2500.0,0.6
14,Zprime_2500GeV_075,0.6256673880377779,2500.0,0.75
15,Zprime_3000GeV_015,0.5747225689499911,3000.0,0.15
16,Zprime_3000GeV_030,0.5867183536262326,3000.0,0.3
17,Zprime_3000GeV_045,0.6157245228480926,3000.0,0.45
18,Zprime_3000GeV_060,0.6266215152367862,3000.0,0.6
19,Zprime_3000GeV_075,0.6457412320334512,3000.0,0.75
20,Zprime_3500GeV_015,0.5772236842965741,3500.0,0.15
21,Zprime_3500GeV_030,0.5910265971955427,3500.0,0.3
22,Zprime_3500GeV_045,0.6109080857317338,3500.0,0.45
23,Zprime_3500GeV_060,0.6381201336677488,3500.0,0.6
24,Zprime_3500GeV_075,0.6438329545864501,3500.0,0.75
25,Zprime_4000GeV_015,0.5821938291479967,4000.0,0.15
26,Zprime_4000GeV_030,0.5991180304092619,4000.0,0.3
27,Zprime_4000GeV_045,0.6171583561971673,4000.0,0.45
28,Zprime_4000GeV_060,0.6318354086443961,4000.0,0.6
29,Zprime_4000GeV_075,0.6521845417383241,4000.0,0.75
