,name,auc,mass,nu
0,Zprime_1500GeV_015,0.5950342723307334,1500.0,0.15
1,Zprime_1500GeV_030,0.6122380357537969,1500.0,0.3
2,Zprime_1500GeV_045,0.6012070521498099,1500.0,0.45
3,Zprime_1500GeV_060,0.6703528223640387,1500.0,0.6
4,Zprime_1500GeV_075,0.6354466712129386,1500.0,0.75
5,Zprime_2000GeV_015,0.6478774056089401,2000.0,0.15
6,Zprime_2000GeV_030,0.6476231482337861,2000.0,0.3
7,Zprime_2000GeV_045,0.6617228606709632,2000.0,0.45
8,Zprime_2000GeV_060,0.6655808390095762,2000.0,0.6
9,Zprime_2000GeV_075,0.679668256428275,2000.0,0.75
10,Zprime_2500GeV_015,0.6464992494773968,2500.0,0.15
11,Zprime_2500GeV_030,0.6551791879539294,2500.0,0.3
12,Zprime_2500GeV_045,0.6667607363066836,2500.0,0.45
13,Zprime_2500GeV_060,0.6859083816728441,2500.0,0.6
14,Zprime_2500GeV_075,0.6844050854424354,2500.0,0.75
15,Zprime_3000GeV_015,0.6484312766028101,3000.0,0.15
16,Zprime_3000GeV_030,0.6609518832957171,3000.0,0.3
17,Zprime_3000GeV_045,0.6839939568106048,3000.0,0.45
18,Zprime_3000GeV_060,0.6920790743015998,3000.0,0.6
19,Zprime_3000GeV_075,0.7005762535394626,3000.0,0.75
20,Zprime_3500GeV_015,0.651895511665298,3500.0,0.15
21,Zprime_3500GeV_030,0.6652622441253552,3500.0,0.3
22,Zprime_3500GeV_045,0.6814417934671614,3500.0,0.45
23,Zprime_3500GeV_060,0.7003307986456079,3500.0,0.6
24,Zprime_3500GeV_075,0.7043156087430379,3500.0,0.75
25,Zprime_4000GeV_015,0.6580679110170504,4000.0,0.15
26,Zprime_4000GeV_030,0.6748105744790713,4000.0,0.3
27,Zprime_4000GeV_045,0.6864861046292086,4000.0,0.45
28,Zprime_4000GeV_060,0.6993460941500176,4000.0,0.6
29,Zprime_4000GeV_075,0.7091714856910387,4000.0,0.75
