,name,auc,mass,nu
0,Zprime_1500GeV_015,0.598087625432433,1500.0,0.15
1,Zprime_1500GeV_030,0.6217723234741219,1500.0,0.3
2,Zprime_1500GeV_045,0.6183281763682072,1500.0,0.45
3,Zprime_1500GeV_060,0.6218247061604246,1500.0,0.6
4,Zprime_1500GeV_075,0.6283617814600319,1500.0,0.75
5,Zprime_2000GeV_015,0.6444656288442658,2000.0,0.15
6,Zprime_2000GeV_030,0.6493813159977092,2000.0,0.3
7,Zprime_2000GeV_045,0.6534892035186229,2000.0,0.45
8,Zprime_2000GeV_060,0.6718248494094559,2000.0,0.6
9,Zprime_2000GeV_075,0.6531261150348231,2000.0,0.75
10,Zprime_2500GeV_015,0.6318522147822718,2500.0,0.15
11,Zprime_2500GeV_030,0.6474315544832067,2500.0,0.3
12,Zprime_2500GeV_045,0.6736313492009953,2500.0,0.45
13,Zprime_2500GeV_060,0.6824438272225268,2500.0,0.6
14,Zprime_2500GeV_075,0.6861122887500577,2500.0,0.75
15,Zprime_3000GeV_015,0.6315110591507807,3000.0,0.15
16,Zprime_3000GeV_030,0.649071053353255,3000.0,0.3
17,Zprime_3000GeV_045,0.6738040209585748,3000.0,0.45
18,Zprime_3000GeV_060,0.6877562560047186,3000.0,0.6
19,Zprime_3000GeV_075,0.7016118925688879,3000.0,0.75
20,Zprime_3500GeV_015,0.6442261609477604,3500.0,0.15
21,Zprime_3500GeV_030,0.6486349449219116,3500.0,0.3
22,Zprime_3500GeV_045,0.6849362397892392,3500.0,0.45
23,Zprime_3500GeV_060,0.7013748626490562,3500.0,0.6
24,Zprime_3500GeV_075,0.7132768162573635,3500.0,0.75
25,Zprime_4000GeV_015,0.6445708756673755,4000.0,0.15
26,Zprime_4000GeV_030,0.6729571051668519,4000.0,0.3
27,Zprime_4000GeV_045,0.6935026139871953,4000.0,0.45
28,Zprime_4000GeV_060,0.7074263303817724,4000.0,0.6
29,Zprime_4000GeV_075,0.7257796729768344,4000.0,0.75
