,name,auc,mass,nu
0,Zprime_1500GeV_015,0.6060465416102623,1500.0,0.15
1,Zprime_1500GeV_030,0.634973979974947,1500.0,0.3
2,Zprime_1500GeV_045,0.6341052665506349,1500.0,0.45
3,Zprime_1500GeV_060,0.6484088613850749,1500.0,0.6
4,Zprime_1500GeV_075,0.6235780177576022,1500.0,0.75
5,Zprime_2000GeV_015,0.6529986893835693,2000.0,0.15
6,Zprime_2000GeV_030,0.660894801181244,2000.0,0.3
7,Zprime_2000GeV_045,0.6764355838822895,2000.0,0.45
8,Zprime_2000GeV_060,0.6891290458898272,2000.0,0.6
9,Zprime_2000GeV_075,0.6781865368709389,2000.0,0.75
10,Zprime_2500GeV_015,0.6395009548928647,2500.0,0.15
11,Zprime_2500GeV_030,0.666175305664831,2500.0,0.3
12,Zprime_2500GeV_045,0.685679758711998,2500.0,0.45
13,Zprime_2500GeV_060,0.6987386899338125,2500.0,0.6
14,Zprime_2500GeV_075,0.7043651023004626,2500.0,0.75
15,Zprime_3000GeV_015,0.6407364595481014,3000.0,0.15
16,Zprime_3000GeV_030,0.6650202963495322,3000.0,0.3
17,Zprime_3000GeV_045,0.6837073283319598,3000.0,0.45
18,Zprime_3000GeV_060,0.7008483998933095,3000.0,0.6
19,Zprime_3000GeV_075,0.712905363127931,3000.0,0.75
20,Zprime_3500GeV_015,0.6444157167854543,3500.0,0.15
21,Zprime_3500GeV_030,0.6549498853672224,3500.0,0.3
22,Zprime_3500GeV_045,0.6891873020577858,3500.0,0.45
23,Zprime_3500GeV_060,0.7079965928600637,3500.0,0.6
24,Zprime_3500GeV_075,0.7202294034028229,3500.0,0.75
25,Zprime_4000GeV_015,0.6300903985104332,4000.0,0.15
26,Zprime_4000GeV_030,0.663411979826056,4000.0,0.3
27,Zprime_4000GeV_045,0.6867491070645929,4000.0,0.45
28,Zprime_4000GeV_060,0.7027410572246109,4000.0,0.6
29,Zprime_4000GeV_075,0.7235711466076462,4000.0,0.75
