,name,auc,mass,nu
0,Zprime_1500GeV_015,0.5831023442703969,1500.0,0.15
1,Zprime_1500GeV_030,0.535775574452813,1500.0,0.3
2,Zprime_1500GeV_045,0.5182282601688907,1500.0,0.45
3,Zprime_1500GeV_060,0.5954758374696492,1500.0,0.6
4,Zprime_1500GeV_075,0.5294557705421938,1500.0,0.75
5,Zprime_2000GeV_015,0.5597448884360274,2000.0,0.15
6,Zprime_2000GeV_030,0.5674100357157205,2000.0,0.3
7,Zprime_2000GeV_045,0.5588571790394969,2000.0,0.45
8,Zprime_2000GeV_060,0.5842320777555742,2000.0,0.6
9,Zprime_2000GeV_075,0.5883921299991011,2000.0,0.75
10,Zprime_2500GeV_015,0.549880434520911,2500.0,0.15
11,Zprime_2500GeV_030,0.5629835105463253,2500.0,0.3
12,Zprime_2500GeV_045,0.5801488011805053,2500.0,0.45
13,Zprime_2500GeV_060,0.6010887262605782,2500.0,0.6
14,Zprime_2500GeV_075,0.6149818376312035,2500.0,0.75
15,Zprime_3000GeV_015,0.5502412932262091,3000.0,0.15
16,Zprime_3000GeV_030,0.566551790783167,3000.0,0.3
17,Zprime_3000GeV_045,0.5959872059939485,3000.0,0.45
18,Zprime_3000GeV_060,0.6132815349768457,3000.0,0.6
19,Zprime_3000GeV_075,0.6376140582883739,3000.0,0.75
20,Zprime_3500GeV_015,0.5560618630283903,3500.0,0.15
21,Zprime_3500GeV_030,0.5732364849366455,3500.0,0.3
22,Zprime_3500GeV_045,0.6035219581687392,3500.0,0.45
23,Zprime_3500GeV_060,0.635018991705061,3500.0,0.6
24,Zprime_3500GeV_075,0.6430157985732362,3500.0,0.75
25,Zprime_4000GeV_015,0.564654473569577,4000.0,0.15
26,Zprime_4000GeV_030,0.5961278969894366,4000.0,0.3
27,Zprime_4000GeV_045,0.6159198034809027,4000.0,0.45
28,Zprime_4000GeV_060,0.6343417972357464,4000.0,0.6
29,Zprime_4000GeV_075,0.6595376151235333,4000.0,0.75
