,name,auc,mass,nu
0,Zprime_1500GeV_015,0.5263241582328799,1500.0,0.15
1,Zprime_1500GeV_030,0.548603525203796,1500.0,0.3
2,Zprime_1500GeV_045,0.5508098046799459,1500.0,0.45
3,Zprime_1500GeV_060,0.6443681643352887,1500.0,0.6
4,Zprime_1500GeV_075,0.6007406351888229,1500.0,0.75
5,Zprime_2000GeV_015,0.5680785036856985,2000.0,0.15
6,Zprime_2000GeV_030,0.575086685127107,2000.0,0.3
7,Zprime_2000GeV_045,0.5800291382244953,2000.0,0.45
8,Zprime_2000GeV_060,0.5952298072584284,2000.0,0.6
9,Zprime_2000GeV_075,0.5997851188871124,2000.0,0.75
10,Zprime_2500GeV_015,0.5570611312282309,2500.0,0.15
11,Zprime_2500GeV_030,0.56705399426129,2500.0,0.3
12,Zprime_2500GeV_045,0.5857532841922528,2500.0,0.45
13,Zprime_2500GeV_060,0.6146797361390376,2500.0,0.6
14,Zprime_2500GeV_075,0.6152753535077725,2500.0,0.75
15,Zprime_3000GeV_015,0.5563749074578701,3000.0,0.15
16,Zprime_3000GeV_030,0.5717048168802972,3000.0,0.3
17,Zprime_3000GeV_045,0.5980239818597273,3000.0,0.45
18,Zprime_3000GeV_060,0.6109464256557471,3000.0,0.6
19,Zprime_3000GeV_075,0.6316301838404027,3000.0,0.75
20,Zprime_3500GeV_015,0.5557856103856794,3500.0,0.15
21,Zprime_3500GeV_030,0.5714905860119293,3500.0,0.3
22,Zprime_3500GeV_045,0.5949942094591352,3500.0,0.45
23,Zprime_3500GeV_060,0.6232255832709626,3500.0,0.6
24,Zprime_3500GeV_075,0.6263453617274017,3500.0,0.75
25,Zprime_4000GeV_015,0.5572319878063448,4000.0,0.15
26,Zprime_4000GeV_030,0.5833306743887965,4000.0,0.3
27,Zprime_4000GeV_045,0.6001546497503724,4000.0,0.45
28,Zprime_4000GeV_060,0.6166567802568395,4000.0,0.6
29,Zprime_4000GeV_075,0.636437537445668,4000.0,0.75
