,name,auc,mass,nu
0,Zprime_1500GeV_015,0.6221985861320614,1500.0,0.15
1,Zprime_1500GeV_030,0.6333092907256512,1500.0,0.3
2,Zprime_1500GeV_045,0.6421235415458003,1500.0,0.45
3,Zprime_1500GeV_060,0.6417585251079739,1500.0,0.6
4,Zprime_1500GeV_075,0.6342278292908834,1500.0,0.75
5,Zprime_2000GeV_015,0.6624829440615713,2000.0,0.15
6,Zprime_2000GeV_030,0.6633169165272323,2000.0,0.3
7,Zprime_2000GeV_045,0.677368969425323,2000.0,0.45
8,Zprime_2000GeV_060,0.6910684945243057,2000.0,0.6
9,Zprime_2000GeV_075,0.6840396468931556,2000.0,0.75
10,Zprime_2500GeV_015,0.6432177309952576,2500.0,0.15
11,Zprime_2500GeV_030,0.6630065697947497,2500.0,0.3
12,Zprime_2500GeV_045,0.6858305449742826,2500.0,0.45
13,Zprime_2500GeV_060,0.6995596663961512,2500.0,0.6
14,Zprime_2500GeV_075,0.7003681939802012,2500.0,0.75
15,Zprime_3000GeV_015,0.6324173860046999,3000.0,0.15
16,Zprime_3000GeV_030,0.6549431678636426,3000.0,0.3
17,Zprime_3000GeV_045,0.6823229432974689,3000.0,0.45
18,Zprime_3000GeV_060,0.6988682661750565,3000.0,0.6
19,Zprime_3000GeV_075,0.7132360046232553,3000.0,0.75
20,Zprime_3500GeV_015,0.6312655958490168,3500.0,0.15
21,Zprime_3500GeV_030,0.6457318718316679,3500.0,0.3
22,Zprime_3500GeV_045,0.6825569470123842,3500.0,0.45
23,Zprime_3500GeV_060,0.7045755271496007,3500.0,0.6
24,Zprime_3500GeV_075,0.7172859024665745,3500.0,0.75
25,Zprime_4000GeV_015,0.6211035217030189,4000.0,0.15
26,Zprime_4000GeV_030,0.6585043312125592,4000.0,0.3
27,Zprime_4000GeV_045,0.6814926105614075,4000.0,0.45
28,Zprime_4000GeV_060,0.7038725668493314,4000.0,0.6
29,Zprime_4000GeV_075,0.7263313733847564,4000.0,0.75
