,name,auc,mass,nu
0,Zprime_1500GeV_015,0.5583231268398547,1500.0,0.15
1,Zprime_1500GeV_030,0.5839888428362611,1500.0,0.3
2,Zprime_1500GeV_045,0.5597112099529427,1500.0,0.45
3,Zprime_1500GeV_060,0.6515298996540535,1500.0,0.6
4,Zprime_1500GeV_075,0.58102372543232,1500.0,0.75
5,Zprime_2000GeV_015,0.5795830465781332,2000.0,0.15
6,Zprime_2000GeV_030,0.5788643138947512,2000.0,0.3
7,Zprime_2000GeV_045,0.6001311300108396,2000.0,0.45
8,Zprime_2000GeV_060,0.6180797467357129,2000.0,0.6
9,Zprime_2000GeV_075,0.6327891282459146,2000.0,0.75
10,Zprime_2500GeV_015,0.5823888420494143,2500.0,0.15
11,Zprime_2500GeV_030,0.5978261935468426,2500.0,0.3
12,Zprime_2500GeV_045,0.620157006351762,2500.0,0.45
13,Zprime_2500GeV_060,0.6439152174665733,2500.0,0.6
14,Zprime_2500GeV_075,0.6520221666189189,2500.0,0.75
15,Zprime_3000GeV_015,0.5892319540405017,3000.0,0.15
16,Zprime_3000GeV_030,0.6079208235641105,3000.0,0.3
17,Zprime_3000GeV_045,0.637412486175047,3000.0,0.45
18,Zprime_3000GeV_060,0.6549673569125528,3000.0,0.6
19,Zprime_3000GeV_075,0.6771741761111311,3000.0,0.75
20,Zprime_3500GeV_015,0.6012614945669691,3500.0,0.15
21,Zprime_3500GeV_030,0.6179453327185404,3500.0,0.3
22,Zprime_3500GeV_045,0.644769104316689,3500.0,0.45
23,Zprime_3500GeV_060,0.6694578248334443,3500.0,0.6
24,Zprime_3500GeV_075,0.6804755607489924,3500.0,0.75
25,Zprime_4000GeV_015,0.6117688474099225,4000.0,0.15
26,Zprime_4000GeV_030,0.6350561629201446,4000.0,0.3
27,Zprime_4000GeV_045,0.652472301250066,4000.0,0.45
28,Zprime_4000GeV_060,0.6741842292391238,4000.0,0.6
29,Zprime_4000GeV_075,0.6928878724435887,4000.0,0.75
