,name,auc,mass,nu
0,Zprime_1500GeV_015,0.5188766410967145,1500.0,0.15
1,Zprime_1500GeV_030,0.5252020537265171,1500.0,0.3
2,Zprime_1500GeV_045,0.526026558370399,1500.0,0.45
3,Zprime_1500GeV_060,0.580320806205548,1500.0,0.6
4,Zprime_1500GeV_075,0.5497214560283904,1500.0,0.75
5,Zprime_2000GeV_015,0.5460755646868397,2000.0,0.15
6,Zprime_2000GeV_030,0.5462431812682583,2000.0,0.3
7,Zprime_2000GeV_045,0.549703223057486,2000.0,0.45
8,Zprime_2000GeV_060,0.5702544819040661,2000.0,0.6
9,Zprime_2000GeV_075,0.5691859530806965,2000.0,0.75
10,Zprime_2500GeV_015,0.5297133501822301,2500.0,0.15
11,Zprime_2500GeV_030,0.5417338146500784,2500.0,0.3
12,Zprime_2500GeV_045,0.5650165502601718,2500.0,0.45
13,Zprime_2500GeV_060,0.5865353596940951,2500.0,0.6
14,Zprime_2500GeV_075,0.5913797662224407,2500.0,0.75
15,Zprime_3000GeV_015,0.530013878877735,3000.0,0.15
16,Zprime_3000GeV_030,0.5481182281408479,3000.0,0.3
17,Zprime_3000GeV_045,0.5718608113327783,3000.0,0.45
18,Zprime_3000GeV_060,0.5880743589209128,3000.0,0.6
19,Zprime_3000GeV_075,0.6153302239715759,3000.0,0.75
20,Zprime_3500GeV_015,0.542825886096467,3500.0,0.15
21,Zprime_3500GeV_030,0.5550493701760529,3500.0,0.3
22,Zprime_3500GeV_045,0.5796757337278973,3500.0,0.45
23,Zprime_3500GeV_060,0.6068997536171337,3500.0,0.6
24,Zprime_3500GeV_075,0.6134673999755467,3500.0,0.75
25,Zprime_4000GeV_015,0.5574468148438366,4000.0,0.15
26,Zprime_4000GeV_030,0.5767546421240999,4000.0,0.3
27,Zprime_4000GeV_045,0.589997660768858,4000.0,0.45
28,Zprime_4000GeV_060,0.6083300517800715,4000.0,0.6
29,Zprime_4000GeV_075,0.6285482431716025,4000.0,0.75
