,name,auc,mass,nu
0,Zprime_1500GeV_015,0.7979844861299126,1500.0,0.15
1,Zprime_1500GeV_030,0.766928696246043,1500.0,0.3
2,Zprime_1500GeV_045,0.783392154966802,1500.0,0.45
3,Zprime_1500GeV_060,0.7807215453705494,1500.0,0.6
4,Zprime_1500GeV_075,0.779956199723831,1500.0,0.75
5,Zprime_2000GeV_015,0.8603507645150307,2000.0,0.15
6,Zprime_2000GeV_030,0.8568392731855563,2000.0,0.3
7,Zprime_2000GeV_045,0.846663150969697,2000.0,0.45
8,Zprime_2000GeV_060,0.8418257805281593,2000.0,0.6
9,Zprime_2000GeV_075,0.8161150393627153,2000.0,0.75
10,Zprime_2500GeV_015,0.8593654669510987,2500.0,0.15
11,Zprime_2500GeV_030,0.857575648106928,2500.0,0.3
12,Zprime_2500GeV_045,0.8546914203491245,2500.0,0.45
13,Zprime_2500GeV_060,0.8462760983392714,2500.0,0.6
14,Zprime_2500GeV_075,0.821751926858572,2500.0,0.75
15,Zprime_3000GeV_015,0.8512495873451201,3000.0,0.15
16,Zprime_3000GeV_030,0.8518295466614775,3000.0,0.3
17,Zprime_3000GeV_045,0.8478010525110417,3000.0,0.45
18,Zprime_3000GeV_060,0.8430902409066996,3000.0,0.6
19,Zprime_3000GeV_075,0.8285558065844718,3000.0,0.75
20,Zprime_3500GeV_015,0.8458899361638721,3500.0,0.15
21,Zprime_3500GeV_030,0.8410818151777717,3500.0,0.3
22,Zprime_3500GeV_045,0.8353026192683737,3500.0,0.45
23,Zprime_3500GeV_060,0.837481245722007,3500.0,0.6
24,Zprime_3500GeV_075,0.8206754922406307,3500.0,0.75
25,Zprime_4000GeV_015,0.8290999988930757,4000.0,0.15
26,Zprime_4000GeV_030,0.8353615762260208,4000.0,0.3
27,Zprime_4000GeV_045,0.8346642433666847,4000.0,0.45
28,Zprime_4000GeV_060,0.8296521653742522,4000.0,0.6
29,Zprime_4000GeV_075,0.8181974682147048,4000.0,0.75
