,name,auc,mass,nu
0,Zprime_1500GeV_015,0.6049291991662906,1500.0,0.15
1,Zprime_1500GeV_030,0.6581332831574565,1500.0,0.3
2,Zprime_1500GeV_045,0.6559329272223295,1500.0,0.45
3,Zprime_1500GeV_060,0.663248028535207,1500.0,0.6
4,Zprime_1500GeV_075,0.6510770253810895,1500.0,0.75
5,Zprime_2000GeV_015,0.6793047656989111,2000.0,0.15
6,Zprime_2000GeV_030,0.6944116879064497,2000.0,0.3
7,Zprime_2000GeV_045,0.6864101167952021,2000.0,0.45
8,Zprime_2000GeV_060,0.7163317504315377,2000.0,0.6
9,Zprime_2000GeV_075,0.7066681011745716,2000.0,0.75
10,Zprime_2500GeV_015,0.6704176154295332,2500.0,0.15
11,Zprime_2500GeV_030,0.6947603013478918,2500.0,0.3
12,Zprime_2500GeV_045,0.7132757684602611,2500.0,0.45
13,Zprime_2500GeV_060,0.7200575119838917,2500.0,0.6
14,Zprime_2500GeV_075,0.7198050163149422,2500.0,0.75
15,Zprime_3000GeV_015,0.6651848205512874,3000.0,0.15
16,Zprime_3000GeV_030,0.6861628470449779,3000.0,0.3
17,Zprime_3000GeV_045,0.7074641577073553,3000.0,0.45
18,Zprime_3000GeV_060,0.727703676962455,3000.0,0.6
19,Zprime_3000GeV_075,0.7300685163547719,3000.0,0.75
20,Zprime_3500GeV_015,0.6681026759230453,3500.0,0.15
21,Zprime_3500GeV_030,0.6818024024505938,3500.0,0.3
22,Zprime_3500GeV_045,0.71361870548528,3500.0,0.45
23,Zprime_3500GeV_060,0.729841113313975,3500.0,0.6
24,Zprime_3500GeV_075,0.7378701001154174,3500.0,0.75
25,Zprime_4000GeV_015,0.6635029559995717,4000.0,0.15
26,Zprime_4000GeV_030,0.6896822593648257,4000.0,0.3
27,Zprime_4000GeV_045,0.7117309081109819,4000.0,0.45
28,Zprime_4000GeV_060,0.7266042620446365,4000.0,0.6
29,Zprime_4000GeV_075,0.7431638412232529,4000.0,0.75
