,name,auc,mass,nu
0,Zprime_1500GeV_015,0.5515932873503944,1500.0,0.15
1,Zprime_1500GeV_030,0.5479162202233175,1500.0,0.3
2,Zprime_1500GeV_045,0.5378867723844518,1500.0,0.45
3,Zprime_1500GeV_060,0.6293356109929307,1500.0,0.6
4,Zprime_1500GeV_075,0.616058857257241,1500.0,0.75
5,Zprime_2000GeV_015,0.5562859853581912,2000.0,0.15
6,Zprime_2000GeV_030,0.5645923895526613,2000.0,0.3
7,Zprime_2000GeV_045,0.5727735557411697,2000.0,0.45
8,Zprime_2000GeV_060,0.5858787969946353,2000.0,0.6
9,Zprime_2000GeV_075,0.5938543820130866,2000.0,0.75
10,Zprime_2500GeV_015,0.5511669020475082,2500.0,0.15
11,Zprime_2500GeV_030,0.5590181201852642,2500.0,0.3
12,Zprime_2500GeV_045,0.5781425443626426,2500.0,0.45
13,Zprime_2500GeV_060,0.6063704986689569,2500.0,0.6
14,Zprime_2500GeV_075,0.6100709530502688,2500.0,0.75
15,Zprime_3000GeV_015,0.552076801665856,3000.0,0.15
16,Zprime_3000GeV_030,0.5649558515366784,3000.0,0.3
17,Zprime_3000GeV_045,0.5915312247336761,3000.0,0.45
18,Zprime_3000GeV_060,0.6053628336056567,3000.0,0.6
19,Zprime_3000GeV_075,0.6321697158766977,3000.0,0.75
20,Zprime_3500GeV_015,0.5489072745906426,3500.0,0.15
21,Zprime_3500GeV_030,0.5673773393535725,3500.0,0.3
22,Zprime_3500GeV_045,0.5948524531630892,3500.0,0.45
23,Zprime_3500GeV_060,0.6184391027864835,3500.0,0.6
24,Zprime_3500GeV_075,0.630996978334295,3500.0,0.75
25,Zprime_4000GeV_015,0.5493602674998923,4000.0,0.15
26,Zprime_4000GeV_030,0.5760498137305307,4000.0,0.3
27,Zprime_4000GeV_045,0.5949319688410372,4000.0,0.45
28,Zprime_4000GeV_060,0.6177837307770283,4000.0,0.6
29,Zprime_4000GeV_075,0.638355510223705,4000.0,0.75
