,name,auc,mass,nu
0,Zprime_1500GeV_015,0.6477083736221233,1500.0,0.15
1,Zprime_1500GeV_030,0.6258656645429029,1500.0,0.3
2,Zprime_1500GeV_045,0.6274310255914395,1500.0,0.45
3,Zprime_1500GeV_060,0.656371000666108,1500.0,0.6
4,Zprime_1500GeV_075,0.6237103346259674,1500.0,0.75
5,Zprime_2000GeV_015,0.6635568349227524,2000.0,0.15
6,Zprime_2000GeV_030,0.6790197352010515,2000.0,0.3
7,Zprime_2000GeV_045,0.689534069572397,2000.0,0.45
8,Zprime_2000GeV_060,0.6995098734394809,2000.0,0.6
9,Zprime_2000GeV_075,0.6845118769083267,2000.0,0.75
10,Zprime_2500GeV_015,0.6563962288915863,2500.0,0.15
11,Zprime_2500GeV_030,0.6811545876728056,2500.0,0.3
12,Zprime_2500GeV_045,0.6994751088984132,2500.0,0.45
13,Zprime_2500GeV_060,0.7099712397856482,2500.0,0.6
14,Zprime_2500GeV_075,0.7084800001499603,2500.0,0.75
15,Zprime_3000GeV_015,0.6626427688214577,3000.0,0.15
16,Zprime_3000GeV_030,0.6787261905111037,3000.0,0.3
17,Zprime_3000GeV_045,0.6999848211323265,3000.0,0.45
18,Zprime_3000GeV_060,0.7096220438643116,3000.0,0.6
19,Zprime_3000GeV_075,0.7176984263922359,3000.0,0.75
20,Zprime_3500GeV_015,0.6625986900187502,3500.0,0.15
21,Zprime_3500GeV_030,0.6716345903189319,3500.0,0.3
22,Zprime_3500GeV_045,0.7040707693055347,3500.0,0.45
23,Zprime_3500GeV_060,0.7176870617748325,3500.0,0.6
24,Zprime_3500GeV_075,0.7268659767625872,3500.0,0.75
25,Zprime_4000GeV_015,0.6534045039169772,4000.0,0.15
26,Zprime_4000GeV_030,0.6794182479063009,4000.0,0.3
27,Zprime_4000GeV_045,0.705065805807318,4000.0,0.45
28,Zprime_4000GeV_060,0.715965950670155,4000.0,0.6
29,Zprime_4000GeV_075,0.7326264712280368,4000.0,0.75
