,name,auc,mass,nu
0,Zprime_1500GeV_015,0.5868733750188014,1500.0,0.15
1,Zprime_1500GeV_030,0.5623783714095066,1500.0,0.3
2,Zprime_1500GeV_045,0.5597192677109522,1500.0,0.45
3,Zprime_1500GeV_060,0.6023227830421797,1500.0,0.6
4,Zprime_1500GeV_075,0.5882205756123049,1500.0,0.75
5,Zprime_2000GeV_015,0.5845299629940626,2000.0,0.15
6,Zprime_2000GeV_030,0.5865124692053509,2000.0,0.3
7,Zprime_2000GeV_045,0.5948555844034722,2000.0,0.45
8,Zprime_2000GeV_060,0.6030835786472994,2000.0,0.6
9,Zprime_2000GeV_075,0.5945674368521449,2000.0,0.75
10,Zprime_2500GeV_015,0.5681451113179963,2500.0,0.15
11,Zprime_2500GeV_030,0.5844112702761672,2500.0,0.3
12,Zprime_2500GeV_045,0.5973827215183865,2500.0,0.45
13,Zprime_2500GeV_060,0.6195836032154466,2500.0,0.6
14,Zprime_2500GeV_075,0.6249070689266087,2500.0,0.75
15,Zprime_3000GeV_015,0.5643888117297515,3000.0,0.15
16,Zprime_3000GeV_030,0.5762448495759621,3000.0,0.3
17,Zprime_3000GeV_045,0.6021673714065157,3000.0,0.45
18,Zprime_3000GeV_060,0.6105598945215351,3000.0,0.6
19,Zprime_3000GeV_075,0.6391901300216558,3000.0,0.75
20,Zprime_3500GeV_015,0.5571399676942294,3500.0,0.15
21,Zprime_3500GeV_030,0.5715843518154575,3500.0,0.3
22,Zprime_3500GeV_045,0.6027829739021016,3500.0,0.45
23,Zprime_3500GeV_060,0.6272596044784896,3500.0,0.6
24,Zprime_3500GeV_075,0.6390911994728252,3500.0,0.75
25,Zprime_4000GeV_015,0.5586743846268116,4000.0,0.15
26,Zprime_4000GeV_030,0.584228565276996,4000.0,0.3
27,Zprime_4000GeV_045,0.6080819164825876,4000.0,0.45
28,Zprime_4000GeV_060,0.6273417681777177,4000.0,0.6
29,Zprime_4000GeV_075,0.651673480457754,4000.0,0.75
