,name,auc,mass,nu
0,Zprime_1500GeV_015,0.8418358795848643,1500.0,0.15
1,Zprime_1500GeV_030,0.772930637076837,1500.0,0.3
2,Zprime_1500GeV_045,0.7928906401082964,1500.0,0.45
3,Zprime_1500GeV_060,0.7906863061088549,1500.0,0.6
4,Zprime_1500GeV_075,0.8064060024359875,1500.0,0.75
5,Zprime_2000GeV_015,0.8697480879760747,2000.0,0.15
6,Zprime_2000GeV_030,0.8636320799665919,2000.0,0.3
7,Zprime_2000GeV_045,0.8517015356143761,2000.0,0.45
8,Zprime_2000GeV_060,0.8426150826905032,2000.0,0.6
9,Zprime_2000GeV_075,0.814634114232225,2000.0,0.75
10,Zprime_2500GeV_015,0.8696448362169843,2500.0,0.15
11,Zprime_2500GeV_030,0.8638492346247523,2500.0,0.3
12,Zprime_2500GeV_045,0.8616847422791687,2500.0,0.45
13,Zprime_2500GeV_060,0.8528578439775965,2500.0,0.6
14,Zprime_2500GeV_075,0.8241944038388981,2500.0,0.75
15,Zprime_3000GeV_015,0.8654454035618221,3000.0,0.15
16,Zprime_3000GeV_030,0.864859940495937,3000.0,0.3
17,Zprime_3000GeV_045,0.8563631451834514,3000.0,0.45
18,Zprime_3000GeV_060,0.850453222350503,3000.0,0.6
19,Zprime_3000GeV_075,0.8372478597243727,3000.0,0.75
20,Zprime_3500GeV_015,0.858107225636843,3500.0,0.15
21,Zprime_3500GeV_030,0.8510313437234348,3500.0,0.3
22,Zprime_3500GeV_045,0.8462995461750199,3500.0,0.45
23,Zprime_3500GeV_060,0.8464434163319314,3500.0,0.6
24,Zprime_3500GeV_075,0.828787519153465,3500.0,0.75
25,Zprime_4000GeV_015,0.8421354747017095,4000.0,0.15
26,Zprime_4000GeV_030,0.845922349016112,4000.0,0.3
27,Zprime_4000GeV_045,0.8426846858160439,4000.0,0.45
28,Zprime_4000GeV_060,0.8388813126480247,4000.0,0.6
29,Zprime_4000GeV_075,0.8286671207038137,4000.0,0.75
