,name,auc,mass,nu
0,Zprime_1500GeV_015,0.6162444401469734,1500.0,0.15
1,Zprime_1500GeV_030,0.6200893409363726,1500.0,0.3
2,Zprime_1500GeV_045,0.6343913169599691,1500.0,0.45
3,Zprime_1500GeV_060,0.6473097831925911,1500.0,0.6
4,Zprime_1500GeV_075,0.6463763838139149,1500.0,0.75
5,Zprime_2000GeV_015,0.6540586106590631,2000.0,0.15
6,Zprime_2000GeV_030,0.6712712082526391,2000.0,0.3
7,Zprime_2000GeV_045,0.6808727226261388,2000.0,0.45
8,Zprime_2000GeV_060,0.6970948380211579,2000.0,0.6
9,Zprime_2000GeV_075,0.6854237654379833,2000.0,0.75
10,Zprime_2500GeV_015,0.6377148231570368,2500.0,0.15
11,Zprime_2500GeV_030,0.6640860930523594,2500.0,0.3
12,Zprime_2500GeV_045,0.6816346080331724,2500.0,0.45
13,Zprime_2500GeV_060,0.6973748880006824,2500.0,0.6
14,Zprime_2500GeV_075,0.7108472887453714,2500.0,0.75
15,Zprime_3000GeV_015,0.6324073748508094,3000.0,0.15
16,Zprime_3000GeV_030,0.6559052109787004,3000.0,0.3
17,Zprime_3000GeV_045,0.681031800549397,3000.0,0.45
18,Zprime_3000GeV_060,0.7022651419265511,3000.0,0.6
19,Zprime_3000GeV_075,0.7147114589231902,3000.0,0.75
20,Zprime_3500GeV_015,0.6315572633331372,3500.0,0.15
21,Zprime_3500GeV_030,0.6444644773969258,3500.0,0.3
22,Zprime_3500GeV_045,0.6829926985165492,3500.0,0.45
23,Zprime_3500GeV_060,0.706440670543248,3500.0,0.6
24,Zprime_3500GeV_075,0.722818724263237,3500.0,0.75
25,Zprime_4000GeV_015,0.6190957097938339,4000.0,0.15
26,Zprime_4000GeV_030,0.6495943005546974,4000.0,0.3
27,Zprime_4000GeV_045,0.6854790894780464,4000.0,0.45
28,Zprime_4000GeV_060,0.70452909460192,4000.0,0.6
29,Zprime_4000GeV_075,0.7293513456294182,4000.0,0.75
