,name,auc,mass,nu
0,Zprime_1500GeV_015,0.6068200863791658,1500.0,0.15
1,Zprime_1500GeV_030,0.6435326256444027,1500.0,0.3
2,Zprime_1500GeV_045,0.6307266486172887,1500.0,0.45
3,Zprime_1500GeV_060,0.6441156879176604,1500.0,0.6
4,Zprime_1500GeV_075,0.6441507462332102,1500.0,0.75
5,Zprime_2000GeV_015,0.6509314431642358,2000.0,0.15
6,Zprime_2000GeV_030,0.6655195455517906,2000.0,0.3
7,Zprime_2000GeV_045,0.6707259479923725,2000.0,0.45
8,Zprime_2000GeV_060,0.6872994692623391,2000.0,0.6
9,Zprime_2000GeV_075,0.6765501310577317,2000.0,0.75
10,Zprime_2500GeV_015,0.6324620525364713,2500.0,0.15
11,Zprime_2500GeV_030,0.650394069432421,2500.0,0.3
12,Zprime_2500GeV_045,0.6703799189177169,2500.0,0.45
13,Zprime_2500GeV_060,0.6840979899377251,2500.0,0.6
14,Zprime_2500GeV_075,0.6920020802814085,2500.0,0.75
15,Zprime_3000GeV_015,0.6198409838083015,3000.0,0.15
16,Zprime_3000GeV_030,0.6390165239674381,3000.0,0.3
17,Zprime_3000GeV_045,0.6635374865213016,3000.0,0.45
18,Zprime_3000GeV_060,0.6779363338687159,3000.0,0.6
19,Zprime_3000GeV_075,0.6932172527246159,3000.0,0.75
20,Zprime_3500GeV_015,0.6117329364712345,3500.0,0.15
21,Zprime_3500GeV_030,0.6167114943009002,3500.0,0.3
22,Zprime_3500GeV_045,0.6590996637731031,3500.0,0.45
23,Zprime_3500GeV_060,0.6774733134435881,3500.0,0.6
24,Zprime_3500GeV_075,0.6972058662852412,3500.0,0.75
25,Zprime_4000GeV_015,0.5906206859600788,4000.0,0.15
26,Zprime_4000GeV_030,0.6246047767961725,4000.0,0.3
27,Zprime_4000GeV_045,0.6516863063526337,4000.0,0.45
28,Zprime_4000GeV_060,0.6746239406761971,4000.0,0.6
29,Zprime_4000GeV_075,0.6964466095649198,4000.0,0.75
