,name,auc,mass,nu
0,Zprime_1500GeV_015,0.5447345237327832,1500.0,0.15
1,Zprime_1500GeV_030,0.5430684987830607,1500.0,0.3
2,Zprime_1500GeV_045,0.5287887578160253,1500.0,0.45
3,Zprime_1500GeV_060,0.5834311007971809,1500.0,0.6
4,Zprime_1500GeV_075,0.5437230913291738,1500.0,0.75
5,Zprime_2000GeV_015,0.5520796252919518,2000.0,0.15
6,Zprime_2000GeV_030,0.5594281257327889,2000.0,0.3
7,Zprime_2000GeV_045,0.569517135708189,2000.0,0.45
8,Zprime_2000GeV_060,0.5859192648459715,2000.0,0.6
9,Zprime_2000GeV_075,0.5868195053126728,2000.0,0.75
10,Zprime_2500GeV_015,0.547518915066848,2500.0,0.15
11,Zprime_2500GeV_030,0.5603094885706741,2500.0,0.3
12,Zprime_2500GeV_045,0.5799943920502784,2500.0,0.45
13,Zprime_2500GeV_060,0.602560199545275,2500.0,0.6
14,Zprime_2500GeV_075,0.6129885123186587,2500.0,0.75
15,Zprime_3000GeV_015,0.5608541418829565,3000.0,0.15
16,Zprime_3000GeV_030,0.5765788332228393,3000.0,0.3
17,Zprime_3000GeV_045,0.6036426277629423,3000.0,0.45
18,Zprime_3000GeV_060,0.6160086518125999,3000.0,0.6
19,Zprime_3000GeV_075,0.6346588393508863,3000.0,0.75
20,Zprime_3500GeV_015,0.5891318361318276,3500.0,0.15
21,Zprime_3500GeV_030,0.6000744271843057,3500.0,0.3
22,Zprime_3500GeV_045,0.6172265729095063,3500.0,0.45
23,Zprime_3500GeV_060,0.6396002515496729,3500.0,0.6
24,Zprime_3500GeV_075,0.6462869515621522,3500.0,0.75
25,Zprime_4000GeV_015,0.6116867117640662,4000.0,0.15
26,Zprime_4000GeV_030,0.6234409220905204,4000.0,0.3
27,Zprime_4000GeV_045,0.6355940537907542,4000.0,0.45
28,Zprime_4000GeV_060,0.6445058949388596,4000.0,0.6
29,Zprime_4000GeV_075,0.6604356428215239,4000.0,0.75
