,name,auc,mass,nu
0,Zprime_1500GeV_015,0.5267302692365543,1500.0,0.15
1,Zprime_1500GeV_030,0.545689665685798,1500.0,0.3
2,Zprime_1500GeV_045,0.5259330883774899,1500.0,0.45
3,Zprime_1500GeV_060,0.5982079546187069,1500.0,0.6
4,Zprime_1500GeV_075,0.5396636776625376,1500.0,0.75
5,Zprime_2000GeV_015,0.5551915608891321,2000.0,0.15
6,Zprime_2000GeV_030,0.5561226932624064,2000.0,0.3
7,Zprime_2000GeV_045,0.5647344277254538,2000.0,0.45
8,Zprime_2000GeV_060,0.5885820494638905,2000.0,0.6
9,Zprime_2000GeV_075,0.5935860927182381,2000.0,0.75
10,Zprime_2500GeV_015,0.5437290227850652,2500.0,0.15
11,Zprime_2500GeV_030,0.5629584539833878,2500.0,0.3
12,Zprime_2500GeV_045,0.5845280052688993,2500.0,0.45
13,Zprime_2500GeV_060,0.6116128619551935,2500.0,0.6
14,Zprime_2500GeV_075,0.6186976226203318,2500.0,0.75
15,Zprime_3000GeV_015,0.5481098941454773,3000.0,0.15
16,Zprime_3000GeV_030,0.5685840134196101,3000.0,0.3
17,Zprime_3000GeV_045,0.604640545586628,3000.0,0.45
18,Zprime_3000GeV_060,0.6193732965320566,3000.0,0.6
19,Zprime_3000GeV_075,0.6483137959239132,3000.0,0.75
20,Zprime_3500GeV_015,0.561626620777151,3500.0,0.15
21,Zprime_3500GeV_030,0.5837355433344685,3500.0,0.3
22,Zprime_3500GeV_045,0.6083669951822138,3500.0,0.45
23,Zprime_3500GeV_060,0.6420689271691854,3500.0,0.6
24,Zprime_3500GeV_075,0.6523974546103717,3500.0,0.75
25,Zprime_4000GeV_015,0.5809685383268829,4000.0,0.15
26,Zprime_4000GeV_030,0.5998560146851426,4000.0,0.3
27,Zprime_4000GeV_045,0.6212760925527581,4000.0,0.45
28,Zprime_4000GeV_060,0.6476224854367504,4000.0,0.6
29,Zprime_4000GeV_075,0.6708488963943716,4000.0,0.75
