,name,auc,mass,nu
0,Zprime_1500GeV_015,0.6247362427211586,1500.0,0.15
1,Zprime_1500GeV_030,0.6503647333274098,1500.0,0.3
2,Zprime_1500GeV_045,0.6344896216076839,1500.0,0.45
3,Zprime_1500GeV_060,0.6524850125701025,1500.0,0.6
4,Zprime_1500GeV_075,0.6201114854434482,1500.0,0.75
5,Zprime_2000GeV_015,0.6670283611201858,2000.0,0.15
6,Zprime_2000GeV_030,0.6750665874437242,2000.0,0.3
7,Zprime_2000GeV_045,0.683944671433202,2000.0,0.45
8,Zprime_2000GeV_060,0.6925244776782197,2000.0,0.6
9,Zprime_2000GeV_075,0.6807090690860823,2000.0,0.75
10,Zprime_2500GeV_015,0.6463904628098825,2500.0,0.15
11,Zprime_2500GeV_030,0.6639290839421537,2500.0,0.3
12,Zprime_2500GeV_045,0.6879595108278779,2500.0,0.45
13,Zprime_2500GeV_060,0.6940266608341166,2500.0,0.6
14,Zprime_2500GeV_075,0.6999584589380297,2500.0,0.75
15,Zprime_3000GeV_015,0.6390481883229902,3000.0,0.15
16,Zprime_3000GeV_030,0.6554037179717417,3000.0,0.3
17,Zprime_3000GeV_045,0.6789907287776729,3000.0,0.45
18,Zprime_3000GeV_060,0.6947830793643808,3000.0,0.6
19,Zprime_3000GeV_075,0.704840592778216,3000.0,0.75
20,Zprime_3500GeV_015,0.6306773561585093,3500.0,0.15
21,Zprime_3500GeV_030,0.6400053171958779,3500.0,0.3
22,Zprime_3500GeV_045,0.6769739097326269,3500.0,0.45
23,Zprime_3500GeV_060,0.6985408199869798,3500.0,0.6
24,Zprime_3500GeV_075,0.7123441807658724,3500.0,0.75
25,Zprime_4000GeV_015,0.6185171325376315,4000.0,0.15
26,Zprime_4000GeV_030,0.6478590502287108,4000.0,0.3
27,Zprime_4000GeV_045,0.673735901883654,4000.0,0.45
28,Zprime_4000GeV_060,0.6917768116261507,4000.0,0.6
29,Zprime_4000GeV_075,0.7126168428809412,4000.0,0.75
