,name,auc,mass,nu
0,Zprime_1500GeV_015,0.5723049485377855,1500.0,0.15
1,Zprime_1500GeV_030,0.6333232284692352,1500.0,0.3
2,Zprime_1500GeV_045,0.6240886675691356,1500.0,0.45
3,Zprime_1500GeV_060,0.635131824921034,1500.0,0.6
4,Zprime_1500GeV_075,0.651392550221037,1500.0,0.75
5,Zprime_2000GeV_015,0.6606488889382593,2000.0,0.15
6,Zprime_2000GeV_030,0.669609967143032,2000.0,0.3
7,Zprime_2000GeV_045,0.6725132272955238,2000.0,0.45
8,Zprime_2000GeV_060,0.6891003244590559,2000.0,0.6
9,Zprime_2000GeV_075,0.6713745536456021,2000.0,0.75
10,Zprime_2500GeV_015,0.642514972451621,2500.0,0.15
11,Zprime_2500GeV_030,0.6631299418211845,2500.0,0.3
12,Zprime_2500GeV_045,0.6872548005498764,2500.0,0.45
13,Zprime_2500GeV_060,0.6976229895365965,2500.0,0.6
14,Zprime_2500GeV_075,0.6973364983269543,2500.0,0.75
15,Zprime_3000GeV_015,0.639681869946809,3000.0,0.15
16,Zprime_3000GeV_030,0.6572781494361755,3000.0,0.3
17,Zprime_3000GeV_045,0.6832355298746454,3000.0,0.45
18,Zprime_3000GeV_060,0.6998130021141241,3000.0,0.6
19,Zprime_3000GeV_075,0.7081441770619786,3000.0,0.75
20,Zprime_3500GeV_015,0.6431107803926954,3500.0,0.15
21,Zprime_3500GeV_030,0.6554739015534865,3500.0,0.3
22,Zprime_3500GeV_045,0.6879940510149964,3500.0,0.45
23,Zprime_3500GeV_060,0.7084989294868672,3500.0,0.6
24,Zprime_3500GeV_075,0.7180306741364212,3500.0,0.75
25,Zprime_4000GeV_015,0.6391591784165754,4000.0,0.15
26,Zprime_4000GeV_030,0.6661335136051488,4000.0,0.3
27,Zprime_4000GeV_045,0.6904154174312177,4000.0,0.45
28,Zprime_4000GeV_060,0.7078097460628876,4000.0,0.6
29,Zprime_4000GeV_075,0.7312037999416607,4000.0,0.75
