,name,auc,mass,nu
0,Zprime_1500GeV_015,0.5285416532370699,1500.0,0.15
1,Zprime_1500GeV_030,0.5469806491852518,1500.0,0.3
2,Zprime_1500GeV_045,0.5316750467349964,1500.0,0.45
3,Zprime_1500GeV_060,0.6196985324136746,1500.0,0.6
4,Zprime_1500GeV_075,0.5566621543221814,1500.0,0.75
5,Zprime_2000GeV_015,0.5495886630248126,2000.0,0.15
6,Zprime_2000GeV_030,0.5595565827445331,2000.0,0.3
7,Zprime_2000GeV_045,0.561404973545409,2000.0,0.45
8,Zprime_2000GeV_060,0.581474247405402,2000.0,0.6
9,Zprime_2000GeV_075,0.5990619634781551,2000.0,0.75
10,Zprime_2500GeV_015,0.5374622783201208,2500.0,0.15
11,Zprime_2500GeV_030,0.5487938167180562,2500.0,0.3
12,Zprime_2500GeV_045,0.5765310552240006,2500.0,0.45
13,Zprime_2500GeV_060,0.6006631077414435,2500.0,0.6
14,Zprime_2500GeV_075,0.6097848310453466,2500.0,0.75
15,Zprime_3000GeV_015,0.5431480732679727,3000.0,0.15
16,Zprime_3000GeV_030,0.5629805866829887,3000.0,0.3
17,Zprime_3000GeV_045,0.5897650205177632,3000.0,0.45
18,Zprime_3000GeV_060,0.6058008475410425,3000.0,0.6
19,Zprime_3000GeV_075,0.631551182428542,3000.0,0.75
20,Zprime_3500GeV_015,0.5608896979345046,3500.0,0.15
21,Zprime_3500GeV_030,0.5764840849573027,3500.0,0.3
22,Zprime_3500GeV_045,0.5954005413608483,3500.0,0.45
23,Zprime_3500GeV_060,0.6260612005788793,3500.0,0.6
24,Zprime_3500GeV_075,0.6390885157039445,3500.0,0.75
25,Zprime_4000GeV_015,0.5744099186373408,4000.0,0.15
26,Zprime_4000GeV_030,0.5949419846047573,4000.0,0.3
27,Zprime_4000GeV_045,0.6108367207259955,4000.0,0.45
28,Zprime_4000GeV_060,0.6265866268271071,4000.0,0.6
29,Zprime_4000GeV_075,0.6495369618792051,4000.0,0.75
