,name,auc,mass,nu
0,Zprime_1500GeV_015,0.5100410408474613,1500.0,0.15
1,Zprime_1500GeV_030,0.5233526893747353,1500.0,0.3
2,Zprime_1500GeV_045,0.5145700380326178,1500.0,0.45
3,Zprime_1500GeV_060,0.5905315971550742,1500.0,0.6
4,Zprime_1500GeV_075,0.5225574815010839,1500.0,0.75
5,Zprime_2000GeV_015,0.5225347931045452,2000.0,0.15
6,Zprime_2000GeV_030,0.5270580097851545,2000.0,0.3
7,Zprime_2000GeV_045,0.531098545580394,2000.0,0.45
8,Zprime_2000GeV_060,0.5541978412370986,2000.0,0.6
9,Zprime_2000GeV_075,0.5694517456054576,2000.0,0.75
10,Zprime_2500GeV_015,0.5161727108450377,2500.0,0.15
11,Zprime_2500GeV_030,0.5279293789967021,2500.0,0.3
12,Zprime_2500GeV_045,0.5525439216521078,2500.0,0.45
13,Zprime_2500GeV_060,0.5768596812871695,2500.0,0.6
14,Zprime_2500GeV_075,0.581693586087108,2500.0,0.75
15,Zprime_3000GeV_015,0.5170454789629031,3000.0,0.15
16,Zprime_3000GeV_030,0.541173978970646,3000.0,0.3
17,Zprime_3000GeV_045,0.5691629589242376,3000.0,0.45
18,Zprime_3000GeV_060,0.5841660326610365,3000.0,0.6
19,Zprime_3000GeV_075,0.6067788036381309,3000.0,0.75
20,Zprime_3500GeV_015,0.540167620051252,3500.0,0.15
21,Zprime_3500GeV_030,0.5537237072120724,3500.0,0.3
22,Zprime_3500GeV_045,0.5723263957291975,3500.0,0.45
23,Zprime_3500GeV_060,0.602986561873986,3500.0,0.6
24,Zprime_3500GeV_075,0.6100011060224445,3500.0,0.75
25,Zprime_4000GeV_015,0.5533330561371559,4000.0,0.15
26,Zprime_4000GeV_030,0.5695639081250039,4000.0,0.3
27,Zprime_4000GeV_045,0.5826904975012157,4000.0,0.45
28,Zprime_4000GeV_060,0.5992351058396952,4000.0,0.6
29,Zprime_4000GeV_075,0.6212944499887569,4000.0,0.75
