,name,auc,mass,nu
0,Zprime_1500GeV_015,0.7814650078428845,1500.0,0.15
1,Zprime_1500GeV_030,0.7437267087238079,1500.0,0.3
2,Zprime_1500GeV_045,0.739895571456198,1500.0,0.45
3,Zprime_1500GeV_060,0.761554824985496,1500.0,0.6
4,Zprime_1500GeV_075,0.7588067054117599,1500.0,0.75
5,Zprime_2000GeV_015,0.8496875946208006,2000.0,0.15
6,Zprime_2000GeV_030,0.8457903936576802,2000.0,0.3
7,Zprime_2000GeV_045,0.8386813987627855,2000.0,0.45
8,Zprime_2000GeV_060,0.8296391556902096,2000.0,0.6
9,Zprime_2000GeV_075,0.7987838232904163,2000.0,0.75
10,Zprime_2500GeV_015,0.8525818609964904,2500.0,0.15
11,Zprime_2500GeV_030,0.851194228236951,2500.0,0.3
12,Zprime_2500GeV_045,0.8500257286087138,2500.0,0.45
13,Zprime_2500GeV_060,0.8392797476239817,2500.0,0.6
14,Zprime_2500GeV_075,0.8122278912042816,2500.0,0.75
15,Zprime_3000GeV_015,0.8473333216129582,3000.0,0.15
16,Zprime_3000GeV_030,0.8508561752443476,3000.0,0.3
17,Zprime_3000GeV_045,0.8446309556221648,3000.0,0.45
18,Zprime_3000GeV_060,0.8373211997972725,3000.0,0.6
19,Zprime_3000GeV_075,0.8233911214507748,3000.0,0.75
20,Zprime_3500GeV_015,0.8411369333060537,3500.0,0.15
21,Zprime_3500GeV_030,0.8377129019896838,3500.0,0.3
22,Zprime_3500GeV_045,0.8327183732747109,3500.0,0.45
23,Zprime_3500GeV_060,0.8353402440602637,3500.0,0.6
24,Zprime_3500GeV_075,0.8148707324010436,3500.0,0.75
25,Zprime_4000GeV_015,0.8225521693903052,4000.0,0.15
26,Zprime_4000GeV_030,0.8269814847749761,4000.0,0.3
27,Zprime_4000GeV_045,0.8277653572509531,4000.0,0.45
28,Zprime_4000GeV_060,0.8246764121283536,4000.0,0.6
29,Zprime_4000GeV_075,0.8148710316754509,4000.0,0.75
