,name,auc,mass,nu
0,Zprime_1500GeV_015,0.578755452416253,1500.0,0.15
1,Zprime_1500GeV_030,0.5548607009639692,1500.0,0.3
2,Zprime_1500GeV_045,0.5523456133565396,1500.0,0.45
3,Zprime_1500GeV_060,0.6373084939513096,1500.0,0.6
4,Zprime_1500GeV_075,0.6125049618825636,1500.0,0.75
5,Zprime_2000GeV_015,0.5932609540486468,2000.0,0.15
6,Zprime_2000GeV_030,0.5946283832073521,2000.0,0.3
7,Zprime_2000GeV_045,0.5999592311733055,2000.0,0.45
8,Zprime_2000GeV_060,0.6007396663730061,2000.0,0.6
9,Zprime_2000GeV_075,0.5940217790984935,2000.0,0.75
10,Zprime_2500GeV_015,0.5796114812594578,2500.0,0.15
11,Zprime_2500GeV_030,0.5931394986466572,2500.0,0.3
12,Zprime_2500GeV_045,0.6011532213292476,2500.0,0.45
13,Zprime_2500GeV_060,0.6207229842726638,2500.0,0.6
14,Zprime_2500GeV_075,0.6174550356275268,2500.0,0.75
15,Zprime_3000GeV_015,0.5843616497600252,3000.0,0.15
16,Zprime_3000GeV_030,0.5883671391143671,3000.0,0.3
17,Zprime_3000GeV_045,0.6081421549550646,3000.0,0.45
18,Zprime_3000GeV_060,0.6099474566627718,3000.0,0.6
19,Zprime_3000GeV_075,0.6298412328955189,3000.0,0.75
20,Zprime_3500GeV_015,0.5799928437766548,3500.0,0.15
21,Zprime_3500GeV_030,0.5830297884991049,3500.0,0.3
22,Zprime_3500GeV_045,0.604696272225104,3500.0,0.45
23,Zprime_3500GeV_060,0.6216126538539704,3500.0,0.6
24,Zprime_3500GeV_075,0.6290378012459604,3500.0,0.75
25,Zprime_4000GeV_015,0.5682721162318919,4000.0,0.15
26,Zprime_4000GeV_030,0.59044674984955,4000.0,0.3
27,Zprime_4000GeV_045,0.6045382268223967,4000.0,0.45
28,Zprime_4000GeV_060,0.6173919984876465,4000.0,0.6
29,Zprime_4000GeV_075,0.6335925829388535,4000.0,0.75
