,name,auc,mass,nu
0,Zprime_1500GeV_015,0.526543329250736,1500.0,0.15
1,Zprime_1500GeV_030,0.5435223465585097,1500.0,0.3
2,Zprime_1500GeV_045,0.5195029974859795,1500.0,0.45
3,Zprime_1500GeV_060,0.5920496787640473,1500.0,0.6
4,Zprime_1500GeV_075,0.5727505284192883,1500.0,0.75
5,Zprime_2000GeV_015,0.5474368419041792,2000.0,0.15
6,Zprime_2000GeV_030,0.545844730973648,2000.0,0.3
7,Zprime_2000GeV_045,0.5570599561200786,2000.0,0.45
8,Zprime_2000GeV_060,0.564780649920855,2000.0,0.6
9,Zprime_2000GeV_075,0.5601274442244261,2000.0,0.75
10,Zprime_2500GeV_015,0.5484829613228726,2500.0,0.15
11,Zprime_2500GeV_030,0.5525494169500041,2500.0,0.3
12,Zprime_2500GeV_045,0.5761522156710777,2500.0,0.45
13,Zprime_2500GeV_060,0.5889156354847618,2500.0,0.6
14,Zprime_2500GeV_075,0.5920038714728498,2500.0,0.75
15,Zprime_3000GeV_015,0.5567460038403763,3000.0,0.15
16,Zprime_3000GeV_030,0.5659886246595974,3000.0,0.3
17,Zprime_3000GeV_045,0.5799596034601808,3000.0,0.45
18,Zprime_3000GeV_060,0.5883851133548027,3000.0,0.6
19,Zprime_3000GeV_075,0.6118499480121817,3000.0,0.75
20,Zprime_3500GeV_015,0.5674278328508021,3500.0,0.15
21,Zprime_3500GeV_030,0.5687991715823613,3500.0,0.3
22,Zprime_3500GeV_045,0.5878731394611655,3500.0,0.45
23,Zprime_3500GeV_060,0.6077147312547024,3500.0,0.6
24,Zprime_3500GeV_075,0.6115020811853507,3500.0,0.75
25,Zprime_4000GeV_015,0.5649152519196998,4000.0,0.15
26,Zprime_4000GeV_030,0.5882949932028129,4000.0,0.3
27,Zprime_4000GeV_045,0.5965118640321986,4000.0,0.45
28,Zprime_4000GeV_060,0.6058339002988968,4000.0,0.6
29,Zprime_4000GeV_075,0.6240833289675914,4000.0,0.75
