,name,auc,mass,nu
0,Zprime_1500GeV_015,0.5741292249511163,1500.0,0.15
1,Zprime_1500GeV_030,0.555521001566254,1500.0,0.3
2,Zprime_1500GeV_045,0.5388222780893444,1500.0,0.45
3,Zprime_1500GeV_060,0.5817250048346548,1500.0,0.6
4,Zprime_1500GeV_075,0.5525900178797409,1500.0,0.75
5,Zprime_2000GeV_015,0.5765736948662109,2000.0,0.15
6,Zprime_2000GeV_030,0.5674695930575291,2000.0,0.3
7,Zprime_2000GeV_045,0.5749566938367409,2000.0,0.45
8,Zprime_2000GeV_060,0.5894567996733922,2000.0,0.6
9,Zprime_2000GeV_075,0.58785237370202,2000.0,0.75
10,Zprime_2500GeV_015,0.5698964601672707,2500.0,0.15
11,Zprime_2500GeV_030,0.5769244053230379,2500.0,0.3
12,Zprime_2500GeV_045,0.5957138911250729,2500.0,0.45
13,Zprime_2500GeV_060,0.6101305511619075,2500.0,0.6
14,Zprime_2500GeV_075,0.615181055609517,2500.0,0.75
15,Zprime_3000GeV_015,0.5790526615995578,3000.0,0.15
16,Zprime_3000GeV_030,0.5908168413094068,3000.0,0.3
17,Zprime_3000GeV_045,0.6067511499999367,3000.0,0.45
18,Zprime_3000GeV_060,0.6201309670351812,3000.0,0.6
19,Zprime_3000GeV_075,0.6416919593418076,3000.0,0.75
20,Zprime_3500GeV_015,0.5879537685550313,3500.0,0.15
21,Zprime_3500GeV_030,0.5951237283378807,3500.0,0.3
22,Zprime_3500GeV_045,0.6135336999035881,3500.0,0.45
23,Zprime_3500GeV_060,0.6403384405987,3500.0,0.6
24,Zprime_3500GeV_075,0.6372551402818896,3500.0,0.75
25,Zprime_4000GeV_015,0.6047049028097181,4000.0,0.15
26,Zprime_4000GeV_030,0.6189979413757759,4000.0,0.3
27,Zprime_4000GeV_045,0.6285538282438775,4000.0,0.45
28,Zprime_4000GeV_060,0.6412621004145278,4000.0,0.6
29,Zprime_4000GeV_075,0.6534887666768643,4000.0,0.75
