,name,auc,mass,nu
0,Zprime_1500GeV_015,0.5872107264874622,1500.0,0.15
1,Zprime_1500GeV_030,0.5465024103585311,1500.0,0.3
2,Zprime_1500GeV_045,0.5569796299877522,1500.0,0.45
3,Zprime_1500GeV_060,0.6196985324136746,1500.0,0.6
4,Zprime_1500GeV_075,0.5939627884253273,1500.0,0.75
5,Zprime_2000GeV_015,0.5836279148676617,2000.0,0.15
6,Zprime_2000GeV_030,0.585957184577311,2000.0,0.3
7,Zprime_2000GeV_045,0.5951842380652602,2000.0,0.45
8,Zprime_2000GeV_060,0.607811298051097,2000.0,0.6
9,Zprime_2000GeV_075,0.6107124601538192,2000.0,0.75
10,Zprime_2500GeV_015,0.5755553085064518,2500.0,0.15
11,Zprime_2500GeV_030,0.5862754425061121,2500.0,0.3
12,Zprime_2500GeV_045,0.5957542111467401,2500.0,0.45
13,Zprime_2500GeV_060,0.622641645533525,2500.0,0.6
14,Zprime_2500GeV_075,0.6272371798857116,2500.0,0.75
15,Zprime_3000GeV_015,0.574996288547826,3000.0,0.15
16,Zprime_3000GeV_030,0.5784145069431279,3000.0,0.3
17,Zprime_3000GeV_045,0.6063673824021569,3000.0,0.45
18,Zprime_3000GeV_060,0.61977541243176,3000.0,0.6
19,Zprime_3000GeV_075,0.6371063069503358,3000.0,0.75
20,Zprime_3500GeV_015,0.5655283974076908,3500.0,0.15
21,Zprime_3500GeV_030,0.5852932019391865,3500.0,0.3
22,Zprime_3500GeV_045,0.6089929800611407,3500.0,0.45
23,Zprime_3500GeV_060,0.6301948181357866,3500.0,0.6
24,Zprime_3500GeV_075,0.6413644291311345,3500.0,0.75
25,Zprime_4000GeV_015,0.5654325297527772,4000.0,0.15
26,Zprime_4000GeV_030,0.5914082010728078,4000.0,0.3
27,Zprime_4000GeV_045,0.6081543187684939,4000.0,0.45
28,Zprime_4000GeV_060,0.6255778122243453,4000.0,0.6
29,Zprime_4000GeV_075,0.6475230505777116,4000.0,0.75
