,name,auc,mass,nu
0,Zprime_1500GeV_015,0.6415436515610563,1500.0,0.15
1,Zprime_1500GeV_030,0.6538700758387472,1500.0,0.3
2,Zprime_1500GeV_045,0.6467744794688326,1500.0,0.45
3,Zprime_1500GeV_060,0.670240013751907,1500.0,0.6
4,Zprime_1500GeV_075,0.6549464455957144,1500.0,0.75
5,Zprime_2000GeV_015,0.6662180409961896,2000.0,0.15
6,Zprime_2000GeV_030,0.6731364040631653,2000.0,0.3
7,Zprime_2000GeV_045,0.6874839130575912,2000.0,0.45
8,Zprime_2000GeV_060,0.7085278297055516,2000.0,0.6
9,Zprime_2000GeV_075,0.705053598844404,2000.0,0.75
10,Zprime_2500GeV_015,0.6540070273635359,2500.0,0.15
11,Zprime_2500GeV_030,0.6809303404476666,2500.0,0.3
12,Zprime_2500GeV_045,0.7094967424170875,2500.0,0.45
13,Zprime_2500GeV_060,0.7237182675637309,2500.0,0.6
14,Zprime_2500GeV_075,0.7308195940097977,2500.0,0.75
15,Zprime_3000GeV_015,0.6572910989609888,3000.0,0.15
16,Zprime_3000GeV_030,0.686305083365665,3000.0,0.3
17,Zprime_3000GeV_045,0.7146752466472097,3000.0,0.45
18,Zprime_3000GeV_060,0.7384611940304269,3000.0,0.6
19,Zprime_3000GeV_075,0.7475198188680333,3000.0,0.75
20,Zprime_3500GeV_015,0.6660264836317742,3500.0,0.15
21,Zprime_3500GeV_030,0.6863887612178473,3500.0,0.3
22,Zprime_3500GeV_045,0.724340473762032,3500.0,0.45
23,Zprime_3500GeV_060,0.7476488323262982,3500.0,0.6
24,Zprime_3500GeV_075,0.7607689710073995,3500.0,0.75
25,Zprime_4000GeV_015,0.6706763372785418,4000.0,0.15
26,Zprime_4000GeV_030,0.6991624139738958,4000.0,0.3
27,Zprime_4000GeV_045,0.7273023970450117,4000.0,0.45
28,Zprime_4000GeV_060,0.7486459626540869,4000.0,0.6
29,Zprime_4000GeV_075,0.7697430378275897,4000.0,0.75
